# 
#     Files used to generate the data: 
#     image: 1003_STIR.nii.gz
#     mask: 1003_normal_marrow.nii.gz
#     Column: intensities of voxels considered to be normal bone.
#     
3.127428586483001709e+02
3.442021994590759277e+02
3.978681337833404541e+02
4.219252767562866211e+02
3.534549467563629150e+02
3.738109908103942871e+02
3.553054962158203125e+02
3.330989027023315430e+02
3.293978037834167480e+02
3.386505510807037354e+02
3.719604413509368896e+02
3.849142875671386719e+02
3.293978037834167480e+02
3.164439575672149658e+02
4.034197821617126465e+02
4.200747272968292236e+02
3.442021994590759277e+02
3.238461554050445557e+02
3.756615402698516846e+02
3.941670348644256592e+02
3.756615402698516846e+02
3.386505510807037354e+02
3.219956059455871582e+02
3.293978037834167480e+02
3.349494521617889404e+02
3.516043972969055176e+02
3.534549467563629150e+02
3.368000016212463379e+02
3.701098918914794922e+02
4.422813208103179932e+02
3.978681337833404541e+02
2.960879135131835938e+02
2.942373640537261963e+02
3.164439575672149658e+02
2.942373640537261963e+02
2.923868145942687988e+02
3.405011005401611328e+02
3.904659359455108643e+02
3.904659359455108643e+02
3.571560456752777100e+02
3.201450564861297607e+02
2.960879135131835938e+02
3.071912102699279785e+02
3.256967048645019531e+02
3.442021994590759277e+02
3.553054962158203125e+02
3.886153864860534668e+02
4.404307713508605957e+02
4.570857164859771729e+02
3.627076940536499023e+02
2.831340672969818115e+02
3.053406608104705811e+02
3.386505510807037354e+02
3.219956059455871582e+02
3.238461554050445557e+02
3.293978037834167480e+02
3.127428586483001709e+02
3.497538478374481201e+02
3.627076940536499023e+02
3.775120897293090820e+02
3.590065951347351074e+02
3.312483532428741455e+02
3.812131886482238770e+02
3.090417597293853760e+02
3.145934081077575684e+02
3.479032983779907227e+02
3.479032983779907227e+02
2.868351662158966064e+02
3.201450564861297607e+02
4.034197821617126465e+02
2.794329683780670166e+02
3.238461554050445557e+02
3.627076940536499023e+02
3.164439575672149658e+02
3.256967048645019531e+02
2.775824189186096191e+02
3.497538478374481201e+02
3.164439575672149658e+02
2.387208802700042725e+02
3.682593424320220947e+02
4.237758262157440186e+02
3.053406608104705811e+02
4.829934089183807373e+02
3.145934081077575684e+02
4.626373648643493652e+02
3.145934081077575684e+02
3.590065951347351074e+02
3.312483532428741455e+02
3.053406608104705811e+02
3.256967048645019531e+02
3.368000016212463379e+02
3.553054962158203125e+02
3.442021994590759277e+02
3.405011005401611328e+02
3.275472543239593506e+02
3.182945070266723633e+02
2.942373640537261963e+02
3.830637381076812744e+02
3.793626391887664795e+02
3.701098918914794922e+02
3.516043972969055176e+02
3.886153864860534668e+02
3.516043972969055176e+02
3.405011005401611328e+02
3.960175843238830566e+02
3.256967048645019531e+02
3.627076940536499023e+02
3.571560456752777100e+02
3.145934081077575684e+02
3.775120897293090820e+02
3.405011005401611328e+02
3.201450564861297607e+02
3.423516499996185303e+02
3.830637381076812744e+02
2.979384629726409912e+02
3.164439575672149658e+02
4.015692327022552490e+02
2.720307705402374268e+02
3.127428586483001709e+02
3.442021994590759277e+02
3.090417597293853760e+02
3.071912102699279785e+02
2.757318694591522217e+02
3.516043972969055176e+02
3.164439575672149658e+02
2.590769243240356445e+02
2.979384629726409912e+02
3.664087929725646973e+02
3.349494521617889404e+02
2.997890124320983887e+02
3.016395618915557861e+02
4.071208810806274414e+02
3.053406608104705811e+02
3.534549467563629150e+02
3.368000016212463379e+02
4.700395627021789551e+02
2.701802210807800293e+02
3.627076940536499023e+02
3.349494521617889404e+02
4.459824197292327881e+02
3.349494521617889404e+02
3.738109908103942871e+02
3.349494521617889404e+02
3.534549467563629150e+02
2.905362651348114014e+02
3.608571445941925049e+02
2.831340672969818115e+02
3.534549467563629150e+02
3.534549467563629150e+02
3.442021994590759277e+02
3.386505510807037354e+02
3.182945070266723633e+02
3.201450564861297607e+02
3.053406608104705811e+02
2.590769243240356445e+02
3.682593424320220947e+02
3.312483532428741455e+02
3.386505510807037354e+02
3.793626391887664795e+02
3.682593424320220947e+02
3.442021994590759277e+02
3.627076940536499023e+02
3.645582435131072998e+02
3.627076940536499023e+02
3.423516499996185303e+02
3.423516499996185303e+02
3.664087929725646973e+02
3.201450564861297607e+02
3.534549467563629150e+02
3.645582435131072998e+02
3.127428586483001709e+02
3.645582435131072998e+02
3.738109908103942871e+02
3.201450564861297607e+02
3.497538478374481201e+02
3.923164854049682617e+02
3.053406608104705811e+02
3.275472543239593506e+02
3.756615402698516846e+02
2.794329683780670166e+02
2.868351662158966064e+02
3.275472543239593506e+02
3.701098918914794922e+02
3.090417597293853760e+02
2.720307705402374268e+02
2.849846167564392090e+02
3.571560456752777100e+02
3.460527489185333252e+02
3.330989027023315430e+02
2.738813199996948242e+02
3.275472543239593506e+02
3.516043972969055176e+02
3.793626391887664795e+02
3.053406608104705811e+02
3.405011005401611328e+02
3.682593424320220947e+02
3.256967048645019531e+02
3.460527489185333252e+02
3.590065951347351074e+02
4.034197821617126465e+02
2.849846167564392090e+02
3.516043972969055176e+02
3.571560456752777100e+02
4.034197821617126465e+02
3.553054962158203125e+02
3.534549467563629150e+02
3.645582435131072998e+02
3.849142875671386719e+02
3.886153864860534668e+02
3.682593424320220947e+02
3.238461554050445557e+02
3.738109908103942871e+02
2.387208802700042725e+02
3.664087929725646973e+02
2.609274737834930420e+02
3.405011005401611328e+02
3.405011005401611328e+02
3.330989027023315430e+02
3.201450564861297607e+02
3.293978037834167480e+02
2.627780232429504395e+02
3.053406608104705811e+02
3.127428586483001709e+02
3.127428586483001709e+02
2.923868145942687988e+02
2.868351662158966064e+02
3.664087929725646973e+02
3.423516499996185303e+02
3.275472543239593506e+02
3.405011005401611328e+02
3.386505510807037354e+02
3.479032983779907227e+02
3.368000016212463379e+02
3.275472543239593506e+02
3.534549467563629150e+02
3.590065951347351074e+02
3.330989027023315430e+02
3.534549467563629150e+02
3.645582435131072998e+02
3.349494521617889404e+02
3.553054962158203125e+02
3.460527489185333252e+02
3.256967048645019531e+02
3.442021994590759277e+02
3.405011005401611328e+02
3.442021994590759277e+02
3.275472543239593506e+02
3.460527489185333252e+02
3.756615402698516846e+02
3.127428586483001709e+02
3.608571445941925049e+02
3.756615402698516846e+02
2.997890124320983887e+02
3.386505510807037354e+02
3.423516499996185303e+02
3.627076940536499023e+02
2.905362651348114014e+02
2.572263748645782471e+02
3.127428586483001709e+02
3.608571445941925049e+02
3.090417597293853760e+02
2.368703308105468750e+02
2.942373640537261963e+02
3.442021994590759277e+02
3.423516499996185303e+02
3.423516499996185303e+02
2.775824189186096191e+02
3.460527489185333252e+02
3.442021994590759277e+02
4.200747272968292236e+02
2.960879135131835938e+02
3.664087929725646973e+02
3.405011005401611328e+02
3.590065951347351074e+02
3.330989027023315430e+02
3.682593424320220947e+02
3.497538478374481201e+02
3.330989027023315430e+02
3.405011005401611328e+02
3.719604413509368896e+02
3.423516499996185303e+02
3.830637381076812744e+02
3.349494521617889404e+02
3.756615402698516846e+02
3.386505510807037354e+02
3.886153864860534668e+02
3.460527489185333252e+02
3.071912102699279785e+02
3.571560456752777100e+02
3.386505510807037354e+02
3.386505510807037354e+02
2.072615394592285156e+02
3.608571445941925049e+02
3.275472543239593506e+02
2.942373640537261963e+02
2.461230781078338623e+02
3.386505510807037354e+02
3.330989027023315430e+02
3.330989027023315430e+02
2.905362651348114014e+02
3.312483532428741455e+02
2.165142867565155029e+02
3.071912102699279785e+02
2.646285727024078369e+02
2.942373640537261963e+02
3.164439575672149658e+02
3.479032983779907227e+02
3.571560456752777100e+02
3.368000016212463379e+02
3.460527489185333252e+02
3.627076940536499023e+02
3.349494521617889404e+02
3.368000016212463379e+02
3.516043972969055176e+02
3.312483532428741455e+02
3.201450564861297607e+02
3.312483532428741455e+02
3.108923091888427734e+02
3.182945070266723633e+02
3.330989027023315430e+02
3.201450564861297607e+02
3.442021994590759277e+02
3.534549467563629150e+02
3.275472543239593506e+02
3.719604413509368896e+02
3.516043972969055176e+02
3.034901113510131836e+02
3.719604413509368896e+02
3.349494521617889404e+02
3.016395618915557861e+02
3.460527489185333252e+02
3.293978037834167480e+02
3.386505510807037354e+02
3.127428586483001709e+02
3.516043972969055176e+02
3.497538478374481201e+02
2.979384629726409912e+02
3.293978037834167480e+02
3.201450564861297607e+02
3.664087929725646973e+02
2.979384629726409912e+02
2.442725286483764648e+02
2.979384629726409912e+02
3.479032983779907227e+02
3.108923091888427734e+02
2.294681329727172852e+02
2.886857156753540039e+02
3.312483532428741455e+02
3.423516499996185303e+02
3.349494521617889404e+02
2.812835178375244141e+02
3.534549467563629150e+02
3.571560456752777100e+02
4.089714305400848389e+02
2.923868145942687988e+02
3.756615402698516846e+02
3.442021994590759277e+02
3.793626391887664795e+02
3.182945070266723633e+02
3.627076940536499023e+02
3.256967048645019531e+02
3.571560456752777100e+02
3.293978037834167480e+02
3.553054962158203125e+02
3.053406608104705811e+02
3.664087929725646973e+02
3.182945070266723633e+02
3.423516499996185303e+02
2.942373640537261963e+02
3.608571445941925049e+02
3.219956059455871582e+02
2.905362651348114014e+02
3.127428586483001709e+02
3.330989027023315430e+02
3.256967048645019531e+02
2.239164845943450928e+02
3.479032983779907227e+02
3.219956059455871582e+02
2.997890124320983887e+02
2.590769243240356445e+02
3.534549467563629150e+02
3.386505510807037354e+02
2.553758254051208496e+02
3.423516499996185303e+02
3.497538478374481201e+02
3.182945070266723633e+02
3.423516499996185303e+02
2.405714297294616699e+02
3.071912102699279785e+02
2.572263748645782471e+02
2.738813199996948242e+02
2.979384629726409912e+02
3.849142875671386719e+02
4.052703316211700439e+02
3.627076940536499023e+02
2.886857156753540039e+02
4.145230789184570312e+02
3.164439575672149658e+02
3.627076940536499023e+02
3.534549467563629150e+02
3.460527489185333252e+02
3.442021994590759277e+02
3.497538478374481201e+02
3.275472543239593506e+02
2.997890124320983887e+02
3.182945070266723633e+02
2.905362651348114014e+02
2.923868145942687988e+02
3.145934081077575684e+02
3.145934081077575684e+02
3.330989027023315430e+02
3.405011005401611328e+02
3.534549467563629150e+02
3.664087929725646973e+02
3.516043972969055176e+02
3.145934081077575684e+02
3.682593424320220947e+02
3.405011005401611328e+02
2.738813199996948242e+02
3.553054962158203125e+02
3.293978037834167480e+02
3.034901113510131836e+02
3.275472543239593506e+02
3.275472543239593506e+02
3.330989027023315430e+02
3.423516499996185303e+02
3.071912102699279785e+02
3.034901113510131836e+02
3.090417597293853760e+02
3.645582435131072998e+02
2.979384629726409912e+02
2.627780232429504395e+02
2.812835178375244141e+02
3.386505510807037354e+02
3.053406608104705811e+02
2.609274737834930420e+02
2.886857156753540039e+02
3.238461554050445557e+02
3.460527489185333252e+02
3.108923091888427734e+02
3.034901113510131836e+02
3.534549467563629150e+02
3.812131886482238770e+02
3.590065951347351074e+02
2.960879135131835938e+02
3.608571445941925049e+02
3.682593424320220947e+02
3.682593424320220947e+02
3.034901113510131836e+02
3.312483532428741455e+02
3.349494521617889404e+02
3.460527489185333252e+02
3.182945070266723633e+02
3.034901113510131836e+02
3.127428586483001709e+02
3.164439575672149658e+02
3.201450564861297607e+02
2.868351662158966064e+02
2.849846167564392090e+02
3.164439575672149658e+02
3.108923091888427734e+02
2.868351662158966064e+02
2.757318694591522217e+02
3.219956059455871582e+02
3.127428586483001709e+02
2.794329683780670166e+02
3.256967048645019531e+02
3.034901113510131836e+02
3.182945070266723633e+02
2.868351662158966064e+02
3.738109908103942871e+02
2.923868145942687988e+02
2.942373640537261963e+02
3.534549467563629150e+02
3.627076940536499023e+02
3.108923091888427734e+02
2.609274737834930420e+02
3.738109908103942871e+02
3.312483532428741455e+02
2.979384629726409912e+02
2.979384629726409912e+02
2.516747264862060547e+02
2.572263748645782471e+02
2.812835178375244141e+02
2.812835178375244141e+02
3.830637381076812744e+02
4.015692327022552490e+02
3.330989027023315430e+02
2.886857156753540039e+02
4.182241778373718262e+02
2.886857156753540039e+02
4.237758262157440186e+02
3.164439575672149658e+02
3.904659359455108643e+02
3.368000016212463379e+02
3.442021994590759277e+02
3.701098918914794922e+02
3.386505510807037354e+02
3.405011005401611328e+02
3.312483532428741455e+02
2.997890124320983887e+02
3.145934081077575684e+02
2.831340672969818115e+02
2.868351662158966064e+02
3.219956059455871582e+02
3.219956059455871582e+02
3.219956059455871582e+02
3.423516499996185303e+02
3.941670348644256592e+02
3.386505510807037354e+02
3.516043972969055176e+02
3.460527489185333252e+02
3.386505510807037354e+02
3.423516499996185303e+02
2.812835178375244141e+02
3.460527489185333252e+02
3.349494521617889404e+02
3.034901113510131836e+02
3.442021994590759277e+02
3.164439575672149658e+02
3.368000016212463379e+02
3.386505510807037354e+02
3.256967048645019531e+02
3.071912102699279785e+02
3.108923091888427734e+02
3.627076940536499023e+02
3.090417597293853760e+02
3.182945070266723633e+02
2.849846167564392090e+02
3.405011005401611328e+02
3.090417597293853760e+02
3.442021994590759277e+02
3.182945070266723633e+02
3.349494521617889404e+02
3.460527489185333252e+02
2.979384629726409912e+02
3.405011005401611328e+02
3.590065951347351074e+02
3.960175843238830566e+02
3.071912102699279785e+02
3.034901113510131836e+02
3.405011005401611328e+02
3.849142875671386719e+02
3.405011005401611328e+02
2.794329683780670166e+02
2.979384629726409912e+02
3.534549467563629150e+02
3.238461554050445557e+02
3.090417597293853760e+02
2.590769243240356445e+02
3.497538478374481201e+02
2.683296716213226318e+02
3.386505510807037354e+02
2.553758254051208496e+02
3.256967048645019531e+02
2.812835178375244141e+02
3.182945070266723633e+02
2.905362651348114014e+02
2.720307705402374268e+02
3.182945070266723633e+02
3.016395618915557861e+02
3.164439575672149658e+02
3.108923091888427734e+02
2.960879135131835938e+02
3.275472543239593506e+02
2.979384629726409912e+02
3.830637381076812744e+02
2.572263748645782471e+02
3.386505510807037354e+02
3.312483532428741455e+02
3.571560456752777100e+02
2.720307705402374268e+02
3.090417597293853760e+02
3.960175843238830566e+02
3.034901113510131836e+02
3.090417597293853760e+02
3.016395618915557861e+02
3.479032983779907227e+02
2.831340672969818115e+02
2.479736275672912598e+02
2.646285727024078369e+02
2.646285727024078369e+02
2.849846167564392090e+02
3.590065951347351074e+02
3.645582435131072998e+02
3.108923091888427734e+02
3.127428586483001709e+02
3.867648370265960693e+02
3.071912102699279785e+02
3.960175843238830566e+02
3.090417597293853760e+02
4.145230789184570312e+02
3.238461554050445557e+02
4.034197821617126465e+02
3.275472543239593506e+02
3.368000016212463379e+02
3.849142875671386719e+02
3.330989027023315430e+02
3.330989027023315430e+02
3.386505510807037354e+02
3.164439575672149658e+02
3.275472543239593506e+02
2.997890124320983887e+02
3.034901113510131836e+02
3.423516499996185303e+02
3.386505510807037354e+02
3.164439575672149658e+02
3.553054962158203125e+02
3.941670348644256592e+02
3.219956059455871582e+02
3.460527489185333252e+02
3.479032983779907227e+02
3.108923091888427734e+02
3.330989027023315430e+02
3.071912102699279785e+02
3.201450564861297607e+02
3.312483532428741455e+02
3.312483532428741455e+02
2.942373640537261963e+02
3.405011005401611328e+02
3.238461554050445557e+02
3.516043972969055176e+02
3.219956059455871582e+02
3.497538478374481201e+02
3.368000016212463379e+02
3.182945070266723633e+02
3.516043972969055176e+02
3.405011005401611328e+02
3.812131886482238770e+02
3.090417597293853760e+02
3.534549467563629150e+02
3.219956059455871582e+02
4.015692327022552490e+02
3.534549467563629150e+02
3.682593424320220947e+02
3.423516499996185303e+02
3.238461554050445557e+02
3.664087929725646973e+02
3.756615402698516846e+02
3.923164854049682617e+02
2.812835178375244141e+02
3.016395618915557861e+02
3.312483532428741455e+02
3.830637381076812744e+02
3.108923091888427734e+02
2.498241770267486572e+02
2.775824189186096191e+02
3.553054962158203125e+02
2.997890124320983887e+02
2.979384629726409912e+02
2.572263748645782471e+02
3.812131886482238770e+02
2.516747264862060547e+02
3.553054962158203125e+02
2.646285727024078369e+02
3.849142875671386719e+02
2.683296716213226318e+02
3.330989027023315430e+02
3.053406608104705811e+02
2.942373640537261963e+02
3.127428586483001709e+02
3.016395618915557861e+02
3.182945070266723633e+02
2.886857156753540039e+02
3.090417597293853760e+02
3.312483532428741455e+02
2.868351662158966064e+02
3.756615402698516846e+02
2.664791221618652344e+02
3.608571445941925049e+02
2.812835178375244141e+02
3.497538478374481201e+02
2.498241770267486572e+02
3.349494521617889404e+02
3.534549467563629150e+02
2.812835178375244141e+02
2.868351662158966064e+02
3.164439575672149658e+02
3.405011005401611328e+02
2.757318694591522217e+02
3.293978037834167480e+02
3.108923091888427734e+02
2.516747264862060547e+02
2.942373640537261963e+02
2.646285727024078369e+02
3.071912102699279785e+02
3.071912102699279785e+02
3.442021994590759277e+02
3.368000016212463379e+02
3.090417597293853760e+02
3.164439575672149658e+02
3.238461554050445557e+02
3.904659359455108643e+02
3.293978037834167480e+02
3.867648370265960693e+02
3.330989027023315430e+02
3.978681337833404541e+02
3.386505510807037354e+02
3.978681337833404541e+02
3.127428586483001709e+02
3.368000016212463379e+02
3.812131886482238770e+02
3.275472543239593506e+02
3.368000016212463379e+02
3.497538478374481201e+02
3.368000016212463379e+02
3.442021994590759277e+02
3.312483532428741455e+02
3.164439575672149658e+02
3.553054962158203125e+02
3.516043972969055176e+02
3.182945070266723633e+02
3.627076940536499023e+02
3.645582435131072998e+02
3.368000016212463379e+02
3.479032983779907227e+02
3.349494521617889404e+02
3.201450564861297607e+02
3.201450564861297607e+02
3.238461554050445557e+02
2.960879135131835938e+02
3.238461554050445557e+02
3.516043972969055176e+02
2.942373640537261963e+02
3.182945070266723633e+02
3.479032983779907227e+02
3.590065951347351074e+02
3.016395618915557861e+02
3.590065951347351074e+02
3.701098918914794922e+02
3.386505510807037354e+02
3.405011005401611328e+02
3.756615402698516846e+02
3.997186832427978516e+02
3.405011005401611328e+02
3.775120897293090820e+02
3.516043972969055176e+02
4.126725294589996338e+02
3.645582435131072998e+02
4.071208810806274414e+02
3.479032983779907227e+02
3.534549467563629150e+02
3.682593424320220947e+02
3.997186832427978516e+02
3.812131886482238770e+02
2.812835178375244141e+02
3.034901113510131836e+02
3.479032983779907227e+02
3.664087929725646973e+02
2.757318694591522217e+02
2.405714297294616699e+02
3.145934081077575684e+02
3.312483532428741455e+02
2.757318694591522217e+02
2.812835178375244141e+02
3.034901113510131836e+02
3.719604413509368896e+02
2.553758254051208496e+02
3.534549467563629150e+02
3.145934081077575684e+02
4.108219799995422363e+02
2.664791221618652344e+02
3.423516499996185303e+02
3.182945070266723633e+02
3.016395618915557861e+02
3.034901113510131836e+02
3.145934081077575684e+02
2.942373640537261963e+02
2.590769243240356445e+02
3.238461554050445557e+02
3.330989027023315430e+02
2.572263748645782471e+02
3.497538478374481201e+02
2.979384629726409912e+02
3.516043972969055176e+02
2.442725286483764648e+02
3.516043972969055176e+02
2.590769243240356445e+02
3.368000016212463379e+02
2.849846167564392090e+02
2.849846167564392090e+02
2.720307705402374268e+02
3.238461554050445557e+02
3.053406608104705811e+02
2.794329683780670166e+02
3.293978037834167480e+02
3.053406608104705811e+02
2.683296716213226318e+02
3.090417597293853760e+02
2.738813199996948242e+02
3.275472543239593506e+02
3.071912102699279785e+02
3.516043972969055176e+02
3.479032983779907227e+02
3.293978037834167480e+02
3.368000016212463379e+02
2.942373640537261963e+02
4.274769251346588135e+02
3.275472543239593506e+02
4.052703316211700439e+02
3.386505510807037354e+02
3.941670348644256592e+02
3.497538478374481201e+02
3.941670348644256592e+02
3.534549467563629150e+02
3.849142875671386719e+02
3.034901113510131836e+02
3.460527489185333252e+02
3.719604413509368896e+02
3.219956059455871582e+02
3.460527489185333252e+02
3.682593424320220947e+02
3.349494521617889404e+02
3.516043972969055176e+02
3.627076940536499023e+02
3.127428586483001709e+02
3.534549467563629150e+02
3.608571445941925049e+02
3.238461554050445557e+02
3.682593424320220947e+02
3.460527489185333252e+02
3.775120897293090820e+02
3.627076940536499023e+02
3.312483532428741455e+02
3.664087929725646973e+02
3.219956059455871582e+02
3.330989027023315430e+02
2.997890124320983887e+02
3.201450564861297607e+02
3.516043972969055176e+02
3.016395618915557861e+02
2.979384629726409912e+02
3.701098918914794922e+02
3.571560456752777100e+02
2.905362651348114014e+02
3.534549467563629150e+02
3.886153864860534668e+02
3.627076940536499023e+02
3.349494521617889404e+02
3.923164854049682617e+02
3.775120897293090820e+02
3.682593424320220947e+02
4.071208810806274414e+02
3.830637381076812744e+02
3.756615402698516846e+02
3.645582435131072998e+02
4.404307713508605957e+02
3.645582435131072998e+02
3.571560456752777100e+02
3.534549467563629150e+02
4.219252767562866211e+02
3.682593424320220947e+02
2.701802210807800293e+02
3.201450564861297607e+02
3.867648370265960693e+02
3.479032983779907227e+02
2.387208802700042725e+02
2.683296716213226318e+02
3.701098918914794922e+02
3.071912102699279785e+02
2.535252759456634521e+02
2.757318694591522217e+02
3.682593424320220947e+02
3.442021994590759277e+02
2.609274737834930420e+02
3.256967048645019531e+02
3.590065951347351074e+02
3.867648370265960693e+02
2.664791221618652344e+02
3.405011005401611328e+02
3.182945070266723633e+02
2.905362651348114014e+02
2.942373640537261963e+02
3.256967048645019531e+02
2.757318694591522217e+02
2.313186824321746826e+02
3.219956059455871582e+02
3.293978037834167480e+02
2.498241770267486572e+02
3.201450564861297607e+02
3.108923091888427734e+02
3.293978037834167480e+02
2.461230781078338623e+02
3.608571445941925049e+02
2.701802210807800293e+02
3.275472543239593506e+02
2.627780232429504395e+02
3.090417597293853760e+02
2.794329683780670166e+02
3.368000016212463379e+02
2.849846167564392090e+02
2.849846167564392090e+02
3.164439575672149658e+02
3.127428586483001709e+02
2.868351662158966064e+02
2.979384629726409912e+02
3.090417597293853760e+02
2.572263748645782471e+02
2.868351662158966064e+02
3.256967048645019531e+02
2.960879135131835938e+02
3.645582435131072998e+02
3.701098918914794922e+02
3.534549467563629150e+02
3.405011005401611328e+02
2.997890124320983887e+02
4.219252767562866211e+02
3.330989027023315430e+02
4.145230789184570312e+02
3.368000016212463379e+02
4.089714305400848389e+02
3.516043972969055176e+02
4.015692327022552490e+02
3.664087929725646973e+02
3.812131886482238770e+02
2.960879135131835938e+02
3.553054962158203125e+02
3.719604413509368896e+02
3.071912102699279785e+02
3.497538478374481201e+02
3.904659359455108643e+02
3.145934081077575684e+02
3.553054962158203125e+02
3.904659359455108643e+02
2.923868145942687988e+02
3.590065951347351074e+02
3.738109908103942871e+02
3.108923091888427734e+02
3.793626391887664795e+02
3.571560456752777100e+02
3.941670348644256592e+02
3.849142875671386719e+02
3.627076940536499023e+02
3.941670348644256592e+02
3.368000016212463379e+02
3.534549467563629150e+02
3.182945070266723633e+02
3.201450564861297607e+02
3.460527489185333252e+02
3.182945070266723633e+02
3.016395618915557861e+02
3.738109908103942871e+02
3.534549467563629150e+02
3.034901113510131836e+02
3.460527489185333252e+02
3.701098918914794922e+02
3.867648370265960693e+02
3.442021994590759277e+02
3.830637381076812744e+02
3.127428586483001709e+02
3.867648370265960693e+02
4.256263756752014160e+02
3.904659359455108643e+02
3.090417597293853760e+02
3.608571445941925049e+02
4.496835186481475830e+02
3.775120897293090820e+02
3.145934081077575684e+02
3.571560456752777100e+02
4.200747272968292236e+02
3.590065951347351074e+02
2.479736275672912598e+02
3.590065951347351074e+02
4.071208810806274414e+02
3.275472543239593506e+02
2.220659351348876953e+02
3.164439575672149658e+02
4.163736283779144287e+02
2.979384629726409912e+02
2.405714297294616699e+02
2.960879135131835938e+02
3.997186832427978516e+02
3.219956059455871582e+02
2.627780232429504395e+02
3.201450564861297607e+02
3.571560456752777100e+02
3.460527489185333252e+02
2.757318694591522217e+02
3.368000016212463379e+02
2.979384629726409912e+02
2.812835178375244141e+02
2.960879135131835938e+02
3.330989027023315430e+02
2.738813199996948242e+02
2.294681329727172852e+02
3.071912102699279785e+02
3.238461554050445557e+02
2.664791221618652344e+02
2.886857156753540039e+02
2.942373640537261963e+02
3.127428586483001709e+02
2.720307705402374268e+02
3.497538478374481201e+02
2.757318694591522217e+02
3.256967048645019531e+02
2.757318694591522217e+02
3.201450564861297607e+02
2.923868145942687988e+02
3.553054962158203125e+02
2.923868145942687988e+02
2.757318694591522217e+02
3.145934081077575684e+02
3.349494521617889404e+02
3.034901113510131836e+02
2.720307705402374268e+02
2.868351662158966064e+02
2.757318694591522217e+02
2.942373640537261963e+02
3.127428586483001709e+02
2.849846167564392090e+02
3.608571445941925049e+02
3.664087929725646973e+02
3.460527489185333252e+02
3.219956059455871582e+02
3.034901113510131836e+02
3.886153864860534668e+02
3.238461554050445557e+02
4.163736283779144287e+02
3.368000016212463379e+02
4.034197821617126465e+02
3.238461554050445557e+02
4.089714305400848389e+02
3.405011005401611328e+02
4.126725294589996338e+02
3.645582435131072998e+02
3.904659359455108643e+02
3.497538478374481201e+02
3.793626391887664795e+02
2.923868145942687988e+02
3.405011005401611328e+02
4.089714305400848389e+02
2.905362651348114014e+02
3.608571445941925049e+02
4.163736283779144287e+02
2.775824189186096191e+02
3.812131886482238770e+02
3.904659359455108643e+02
2.942373640537261963e+02
3.960175843238830566e+02
3.830637381076812744e+02
3.460527489185333252e+02
3.978681337833404541e+02
3.978681337833404541e+02
3.664087929725646973e+02
3.590065951347351074e+02
3.830637381076812744e+02
3.330989027023315430e+02
3.312483532428741455e+02
3.553054962158203125e+02
3.275472543239593506e+02
3.238461554050445557e+02
3.497538478374481201e+02
3.664087929725646973e+02
3.275472543239593506e+02
3.442021994590759277e+02
3.312483532428741455e+02
3.997186832427978516e+02
3.701098918914794922e+02
3.497538478374481201e+02
2.831340672969818115e+02
3.886153864860534668e+02
4.330285735130310059e+02
3.627076940536499023e+02
2.553758254051208496e+02
3.645582435131072998e+02
4.256263756752014160e+02
3.812131886482238770e+02
2.516747264862060547e+02
3.793626391887664795e+02
3.645582435131072998e+02
3.571560456752777100e+02
2.313186824321746826e+02
3.886153864860534668e+02
3.756615402698516846e+02
3.108923091888427734e+02
2.368703308105468750e+02
3.571560456752777100e+02
4.163736283779144287e+02
2.942373640537261963e+02
2.461230781078338623e+02
3.330989027023315430e+02
3.886153864860534668e+02
3.108923091888427734e+02
2.664791221618652344e+02
3.349494521617889404e+02
3.071912102699279785e+02
3.127428586483001709e+02
2.997890124320983887e+02
3.386505510807037354e+02
2.701802210807800293e+02
2.794329683780670166e+02
3.164439575672149658e+02
3.368000016212463379e+02
2.886857156753540039e+02
2.516747264862060547e+02
2.979384629726409912e+02
3.238461554050445557e+02
2.997890124320983887e+02
2.738813199996948242e+02
2.720307705402374268e+02
3.108923091888427734e+02
2.997890124320983887e+02
3.071912102699279785e+02
2.701802210807800293e+02
3.275472543239593506e+02
2.923868145942687988e+02
2.997890124320983887e+02
2.997890124320983887e+02
3.645582435131072998e+02
2.942373640537261963e+02
2.553758254051208496e+02
3.145934081077575684e+02
3.571560456752777100e+02
3.016395618915557861e+02
2.498241770267486572e+02
2.849846167564392090e+02
3.164439575672149658e+02
2.960879135131835938e+02
3.016395618915557861e+02
2.535252759456634521e+02
2.979384629726409912e+02
2.886857156753540039e+02
3.442021994590759277e+02
3.201450564861297607e+02
3.016395618915557861e+02
2.905362651348114014e+02
3.386505510807037354e+02
3.849142875671386719e+02
3.442021994590759277e+02
4.034197821617126465e+02
3.349494521617889404e+02
3.793626391887664795e+02
3.034901113510131836e+02
3.849142875671386719e+02
3.145934081077575684e+02
4.034197821617126465e+02
3.423516499996185303e+02
3.904659359455108643e+02
3.386505510807037354e+02
3.793626391887664795e+02
2.849846167564392090e+02
3.330989027023315430e+02
4.163736283779144287e+02
2.831340672969818115e+02
3.664087929725646973e+02
4.311780240535736084e+02
2.868351662158966064e+02
3.978681337833404541e+02
4.015692327022552490e+02
2.923868145942687988e+02
3.941670348644256592e+02
3.904659359455108643e+02
3.034901113510131836e+02
3.793626391887664795e+02
4.126725294589996338e+02
3.145934081077575684e+02
3.627076940536499023e+02
4.071208810806274414e+02
3.238461554050445557e+02
3.349494521617889404e+02
3.812131886482238770e+02
3.386505510807037354e+02
3.182945070266723633e+02
3.849142875671386719e+02
3.423516499996185303e+02
3.368000016212463379e+02
3.053406608104705811e+02
3.941670348644256592e+02
3.756615402698516846e+02
3.016395618915557861e+02
2.794329683780670166e+02
3.756615402698516846e+02
4.071208810806274414e+02
3.108923091888427734e+02
2.405714297294616699e+02
3.664087929725646973e+02
3.719604413509368896e+02
3.756615402698516846e+02
2.276175835132598877e+02
3.923164854049682617e+02
3.164439575672149658e+02
3.590065951347351074e+02
2.461230781078338623e+02
3.904659359455108643e+02
3.238461554050445557e+02
2.960879135131835938e+02
2.720307705402374268e+02
3.627076940536499023e+02
3.978681337833404541e+02
2.905362651348114014e+02
2.646285727024078369e+02
3.516043972969055176e+02
3.645582435131072998e+02
3.053406608104705811e+02
2.849846167564392090e+02
3.479032983779907227e+02
2.590769243240356445e+02
2.960879135131835938e+02
3.349494521617889404e+02
3.386505510807037354e+02
2.424219791889190674e+02
2.794329683780670166e+02
3.349494521617889404e+02
3.386505510807037354e+02
3.053406608104705811e+02
2.720307705402374268e+02
2.960879135131835938e+02
3.368000016212463379e+02
3.238461554050445557e+02
2.664791221618652344e+02
2.701802210807800293e+02
3.201450564861297607e+02
3.034901113510131836e+02
2.720307705402374268e+02
2.701802210807800293e+02
3.275472543239593506e+02
2.794329683780670166e+02
2.646285727024078369e+02
2.886857156753540039e+02
3.590065951347351074e+02
2.701802210807800293e+02
2.387208802700042725e+02
3.071912102699279785e+02
3.590065951347351074e+02
2.812835178375244141e+02
2.498241770267486572e+02
2.979384629726409912e+02
3.293978037834167480e+02
2.997890124320983887e+02
3.108923091888427734e+02
2.757318694591522217e+02
3.127428586483001709e+02
3.219956059455871582e+02
2.553758254051208496e+02
2.516747264862060547e+02
3.534549467563629150e+02
3.719604413509368896e+02
3.386505510807037354e+02
3.904659359455108643e+02
3.164439575672149658e+02
3.590065951347351074e+02
2.868351662158966064e+02
3.553054962158203125e+02
2.886857156753540039e+02
3.849142875671386719e+02
3.127428586483001709e+02
3.830637381076812744e+02
3.256967048645019531e+02
3.738109908103942871e+02
2.886857156753540039e+02
3.312483532428741455e+02
4.071208810806274414e+02
2.923868145942687988e+02
3.645582435131072998e+02
4.237758262157440186e+02
3.164439575672149658e+02
3.867648370265960693e+02
3.904659359455108643e+02
3.219956059455871582e+02
3.627076940536499023e+02
3.738109908103942871e+02
2.905362651348114014e+02
3.442021994590759277e+02
3.978681337833404541e+02
2.720307705402374268e+02
3.571560456752777100e+02
4.108219799995422363e+02
2.905362651348114014e+02
3.293978037834167480e+02
4.015692327022552490e+02
3.442021994590759277e+02
2.831340672969818115e+02
3.941670348644256592e+02
3.386505510807037354e+02
3.275472543239593506e+02
2.886857156753540039e+02
3.793626391887664795e+02
3.497538478374481201e+02
2.479736275672912598e+02
3.016395618915557861e+02
3.590065951347351074e+02
3.460527489185333252e+02
2.664791221618652344e+02
2.572263748645782471e+02
3.590065951347351074e+02
3.127428586483001709e+02
3.627076940536499023e+02
2.368703308105468750e+02
3.756615402698516846e+02
2.868351662158966064e+02
3.571560456752777100e+02
2.905362651348114014e+02
3.608571445941925049e+02
2.979384629726409912e+02
2.886857156753540039e+02
3.034901113510131836e+02
3.423516499996185303e+02
3.590065951347351074e+02
2.831340672969818115e+02
2.794329683780670166e+02
3.423516499996185303e+02
3.386505510807037354e+02
3.016395618915557861e+02
3.071912102699279785e+02
3.405011005401611328e+02
2.442725286483764648e+02
2.905362651348114014e+02
3.516043972969055176e+02
3.293978037834167480e+02
2.257670340538024902e+02
2.701802210807800293e+02
3.312483532428741455e+02
3.405011005401611328e+02
3.108923091888427734e+02
2.683296716213226318e+02
2.960879135131835938e+02
3.497538478374481201e+02
3.368000016212463379e+02
2.646285727024078369e+02
2.831340672969818115e+02
3.293978037834167480e+02
2.886857156753540039e+02
2.590769243240356445e+02
2.701802210807800293e+02
3.256967048645019531e+02
2.424219791889190674e+02
2.442725286483764648e+02
2.646285727024078369e+02
3.497538478374481201e+02
2.424219791889190674e+02
2.294681329727172852e+02
2.849846167564392090e+02
3.479032983779907227e+02
2.683296716213226318e+02
2.572263748645782471e+02
3.016395618915557861e+02
3.108923091888427734e+02
3.071912102699279785e+02
3.238461554050445557e+02
2.960879135131835938e+02
2.979384629726409912e+02
3.034901113510131836e+02
2.239164845943450928e+02
2.405714297294616699e+02
3.664087929725646973e+02
3.071912102699279785e+02
3.386505510807037354e+02
3.497538478374481201e+02
3.016395618915557861e+02
3.775120897293090820e+02
2.831340672969818115e+02
3.534549467563629150e+02
2.831340672969818115e+02
3.442021994590759277e+02
2.923868145942687988e+02
3.775120897293090820e+02
3.016395618915557861e+02
3.849142875671386719e+02
3.145934081077575684e+02
3.182945070266723633e+02
3.664087929725646973e+02
2.979384629726409912e+02
3.330989027023315430e+02
3.849142875671386719e+02
3.090417597293853760e+02
3.497538478374481201e+02
4.015692327022552490e+02
3.479032983779907227e+02
3.479032983779907227e+02
3.738109908103942871e+02
3.664087929725646973e+02
3.219956059455871582e+02
3.534549467563629150e+02
3.090417597293853760e+02
3.293978037834167480e+02
3.793626391887664795e+02
2.609274737834930420e+02
3.664087929725646973e+02
3.978681337833404541e+02
2.775824189186096191e+02
3.275472543239593506e+02
3.941670348644256592e+02
3.293978037834167480e+02
2.498241770267486572e+02
3.830637381076812744e+02
3.182945070266723633e+02
3.053406608104705811e+02
2.738813199996948242e+02
3.738109908103942871e+02
3.127428586483001709e+02
2.257670340538024902e+02
3.182945070266723633e+02
3.571560456752777100e+02
2.923868145942687988e+02
2.498241770267486572e+02
2.701802210807800293e+02
3.460527489185333252e+02
2.794329683780670166e+02
3.460527489185333252e+02
2.516747264862060547e+02
3.423516499996185303e+02
3.034901113510131836e+02
3.479032983779907227e+02
3.182945070266723633e+02
3.312483532428741455e+02
3.275472543239593506e+02
2.831340672969818115e+02
3.219956059455871582e+02
3.256967048645019531e+02
3.442021994590759277e+02
2.775824189186096191e+02
2.905362651348114014e+02
3.293978037834167480e+02
3.238461554050445557e+02
2.979384629726409912e+02
3.164439575672149658e+02
3.201450564861297607e+02
2.609274737834930420e+02
2.868351662158966064e+02
3.330989027023315430e+02
3.108923091888427734e+02
2.331692318916320801e+02
2.553758254051208496e+02
2.979384629726409912e+02
3.349494521617889404e+02
3.127428586483001709e+02
2.535252759456634521e+02
2.905362651348114014e+02
3.534549467563629150e+02
3.516043972969055176e+02
2.664791221618652344e+02
2.905362651348114014e+02
3.312483532428741455e+02
2.794329683780670166e+02
2.683296716213226318e+02
2.646285727024078369e+02
3.275472543239593506e+02
2.276175835132598877e+02
2.461230781078338623e+02
2.405714297294616699e+02
3.608571445941925049e+02
2.535252759456634521e+02
2.350197813510894775e+02
2.646285727024078369e+02
3.460527489185333252e+02
2.960879135131835938e+02
2.683296716213226318e+02
2.886857156753540039e+02
2.812835178375244141e+02
3.238461554050445557e+02
3.127428586483001709e+02
2.960879135131835938e+02
2.701802210807800293e+02
2.794329683780670166e+02
2.997890124320983887e+02
2.868351662158966064e+02
2.313186824321746826e+02
2.609274737834930420e+02
3.090417597293853760e+02
3.590065951347351074e+02
3.090417597293853760e+02
3.145934081077575684e+02
3.312483532428741455e+02
2.701802210807800293e+02
3.627076940536499023e+02
2.627780232429504395e+02
3.553054962158203125e+02
2.905362651348114014e+02
3.571560456752777100e+02
3.145934081077575684e+02
3.978681337833404541e+02
3.127428586483001709e+02
4.052703316211700439e+02
3.182945070266723633e+02
3.182945070266723633e+02
3.645582435131072998e+02
3.034901113510131836e+02
3.312483532428741455e+02
3.627076940536499023e+02
3.071912102699279785e+02
3.275472543239593506e+02
3.793626391887664795e+02
3.534549467563629150e+02
3.108923091888427734e+02
3.682593424320220947e+02
3.849142875671386719e+02
3.016395618915557861e+02
3.553054962158203125e+02
3.182945070266723633e+02
3.386505510807037354e+02
3.756615402698516846e+02
2.646285727024078369e+02
3.793626391887664795e+02
3.812131886482238770e+02
2.868351662158966064e+02
3.293978037834167480e+02
3.645582435131072998e+02
3.071912102699279785e+02
3.108923091888427734e+02
2.461230781078338623e+02
3.590065951347351074e+02
3.016395618915557861e+02
2.664791221618652344e+02
2.886857156753540039e+02
3.738109908103942871e+02
2.923868145942687988e+02
2.220659351348876953e+02
3.256967048645019531e+02
3.738109908103942871e+02
2.627780232429504395e+02
2.627780232429504395e+02
2.609274737834930420e+02
3.442021994590759277e+02
2.646285727024078369e+02
3.201450564861297607e+02
2.461230781078338623e+02
3.238461554050445557e+02
3.349494521617889404e+02
3.201450564861297607e+02
3.164439575672149658e+02
3.275472543239593506e+02
3.571560456752777100e+02
2.868351662158966064e+02
3.368000016212463379e+02
3.405011005401611328e+02
3.368000016212463379e+02
2.812835178375244141e+02
3.145934081077575684e+02
3.368000016212463379e+02
3.201450564861297607e+02
2.960879135131835938e+02
3.145934081077575684e+02
3.034901113510131836e+02
2.886857156753540039e+02
2.923868145942687988e+02
2.794329683780670166e+02
2.886857156753540039e+02
2.609274737834930420e+02
2.627780232429504395e+02
2.498241770267486572e+02
3.164439575672149658e+02
3.108923091888427734e+02
2.535252759456634521e+02
2.775824189186096191e+02
3.368000016212463379e+02
3.571560456752777100e+02
2.720307705402374268e+02
2.812835178375244141e+02
3.201450564861297607e+02
2.942373640537261963e+02
2.831340672969818115e+02
2.498241770267486572e+02
3.256967048645019531e+02
2.479736275672912598e+02
2.590769243240356445e+02
2.350197813510894775e+02
3.812131886482238770e+02
2.923868145942687988e+02
2.516747264862060547e+02
2.553758254051208496e+02
3.608571445941925049e+02
3.405011005401611328e+02
2.775824189186096191e+02
2.738813199996948242e+02
2.627780232429504395e+02
3.405011005401611328e+02
2.905362651348114014e+02
2.831340672969818115e+02
2.442725286483764648e+02
3.219956059455871582e+02
2.627780232429504395e+02
2.757318694591522217e+02
2.738813199996948242e+02
2.479736275672912598e+02
2.812835178375244141e+02
3.108923091888427734e+02
3.590065951347351074e+02
3.238461554050445557e+02
3.238461554050445557e+02
3.238461554050445557e+02
2.757318694591522217e+02
3.497538478374481201e+02
2.683296716213226318e+02
3.608571445941925049e+02
3.108923091888427734e+02
3.793626391887664795e+02
3.405011005401611328e+02
4.200747272968292236e+02
3.330989027023315430e+02
4.256263756752014160e+02
3.053406608104705811e+02
3.275472543239593506e+02
3.719604413509368896e+02
2.979384629726409912e+02
3.330989027023315430e+02
3.516043972969055176e+02
2.886857156753540039e+02
3.201450564861297607e+02
3.793626391887664795e+02
3.368000016212463379e+02
3.034901113510131836e+02
3.886153864860534668e+02
3.608571445941925049e+02
3.127428586483001709e+02
3.793626391887664795e+02
3.034901113510131836e+02
3.571560456752777100e+02
3.830637381076812744e+02
2.720307705402374268e+02
3.849142875671386719e+02
3.719604413509368896e+02
3.034901113510131836e+02
3.330989027023315430e+02
3.405011005401611328e+02
3.016395618915557861e+02
3.034901113510131836e+02
2.831340672969818115e+02
3.330989027023315430e+02
2.960879135131835938e+02
2.350197813510894775e+02
3.108923091888427734e+02
3.682593424320220947e+02
3.034901113510131836e+02
2.331692318916320801e+02
3.238461554050445557e+02
3.867648370265960693e+02
2.720307705402374268e+02
2.849846167564392090e+02
2.516747264862060547e+02
3.608571445941925049e+02
2.590769243240356445e+02
2.960879135131835938e+02
2.294681329727172852e+02
3.386505510807037354e+02
3.293978037834167480e+02
2.812835178375244141e+02
2.868351662158966064e+02
3.479032983779907227e+02
3.571560456752777100e+02
2.886857156753540039e+02
3.553054962158203125e+02
3.793626391887664795e+02
3.256967048645019531e+02
3.016395618915557861e+02
3.664087929725646973e+02
3.775120897293090820e+02
3.164439575672149658e+02
2.979384629726409912e+02
3.275472543239593506e+02
3.219956059455871582e+02
3.108923091888427734e+02
3.016395618915557861e+02
2.220659351348876953e+02
2.757318694591522217e+02
2.849846167564392090e+02
2.905362651348114014e+02
2.128131878376007080e+02
2.960879135131835938e+02
3.108923091888427734e+02
2.794329683780670166e+02
2.757318694591522217e+02
3.145934081077575684e+02
3.516043972969055176e+02
2.775824189186096191e+02
2.683296716213226318e+02
2.960879135131835938e+02
3.182945070266723633e+02
2.831340672969818115e+02
2.461230781078338623e+02
3.164439575672149658e+02
2.868351662158966064e+02
2.701802210807800293e+02
2.516747264862060547e+02
3.867648370265960693e+02
3.219956059455871582e+02
2.775824189186096191e+02
2.627780232429504395e+02
3.701098918914794922e+02
3.627076940536499023e+02
2.960879135131835938e+02
2.701802210807800293e+02
2.757318694591522217e+02
3.423516499996185303e+02
2.812835178375244141e+02
2.757318694591522217e+02
2.479736275672912598e+02
2.997890124320983887e+02
2.572263748645782471e+02
2.516747264862060547e+02
2.590769243240356445e+02
2.646285727024078369e+02
2.831340672969818115e+02
2.960879135131835938e+02
3.775120897293090820e+02
3.368000016212463379e+02
3.590065951347351074e+02
3.312483532428741455e+02
3.182945070266723633e+02
3.497538478374481201e+02
3.034901113510131836e+02
3.682593424320220947e+02
3.256967048645019531e+02
3.923164854049682617e+02
3.479032983779907227e+02
4.237758262157440186e+02
2.627780232429504395e+02
3.534549467563629150e+02
4.311780240535736084e+02
2.886857156753540039e+02
3.516043972969055176e+02
3.830637381076812744e+02
2.812835178375244141e+02
3.442021994590759277e+02
3.553054962158203125e+02
2.738813199996948242e+02
3.349494521617889404e+02
3.904659359455108643e+02
3.145934081077575684e+02
3.293978037834167480e+02
4.182241778373718262e+02
3.293978037834167480e+02
3.368000016212463379e+02
4.071208810806274414e+02
2.738813199996948242e+02
3.645582435131072998e+02
3.867648370265960693e+02
2.609274737834930420e+02
3.719604413509368896e+02
3.627076940536499023e+02
3.182945070266723633e+02
3.405011005401611328e+02
3.275472543239593506e+02
2.923868145942687988e+02
3.108923091888427734e+02
3.182945070266723633e+02
3.201450564861297607e+02
2.997890124320983887e+02
2.350197813510894775e+02
3.256967048645019531e+02
3.497538478374481201e+02
3.312483532428741455e+02
2.498241770267486572e+02
3.053406608104705811e+02
3.775120897293090820e+02
3.016395618915557861e+02
3.034901113510131836e+02
2.516747264862060547e+02
3.793626391887664795e+02
2.701802210807800293e+02
2.775824189186096191e+02
2.165142867565155029e+02
3.682593424320220947e+02
2.979384629726409912e+02
2.516747264862060547e+02
2.535252759456634521e+02
3.627076940536499023e+02
3.182945070266723633e+02
2.886857156753540039e+02
3.738109908103942871e+02
3.941670348644256592e+02
3.053406608104705811e+02
3.145934081077575684e+02
4.774417605400085449e+02
4.441318702697753906e+02
3.182945070266723633e+02
2.997890124320983887e+02
3.627076940536499023e+02
3.793626391887664795e+02
3.256967048645019531e+02
3.053406608104705811e+02
2.035604405403137207e+02
2.849846167564392090e+02
2.960879135131835938e+02
3.256967048645019531e+02
2.072615394592285156e+02
2.905362651348114014e+02
2.979384629726409912e+02
3.071912102699279785e+02
2.738813199996948242e+02
3.053406608104705811e+02
3.405011005401611328e+02
2.757318694591522217e+02
2.627780232429504395e+02
2.812835178375244141e+02
3.349494521617889404e+02
2.720307705402374268e+02
2.535252759456634521e+02
2.942373640537261963e+02
3.071912102699279785e+02
2.831340672969818115e+02
2.738813199996948242e+02
3.571560456752777100e+02
3.182945070266723633e+02
3.090417597293853760e+02
2.775824189186096191e+02
3.608571445941925049e+02
3.479032983779907227e+02
3.182945070266723633e+02
2.812835178375244141e+02
3.071912102699279785e+02
3.330989027023315430e+02
2.868351662158966064e+02
2.849846167564392090e+02
2.757318694591522217e+02
2.831340672969818115e+02
2.720307705402374268e+02
2.479736275672912598e+02
2.627780232429504395e+02
2.775824189186096191e+02
2.775824189186096191e+02
2.794329683780670166e+02
3.053406608104705811e+02
3.793626391887664795e+02
3.386505510807037354e+02
3.719604413509368896e+02
3.405011005401611328e+02
3.423516499996185303e+02
3.590065951347351074e+02
3.238461554050445557e+02
3.793626391887664795e+02
3.293978037834167480e+02
3.849142875671386719e+02
3.423516499996185303e+02
4.015692327022552490e+02
2.849846167564392090e+02
3.719604413509368896e+02
4.200747272968292236e+02
2.831340672969818115e+02
3.849142875671386719e+02
3.960175843238830566e+02
2.701802210807800293e+02
3.775120897293090820e+02
3.645582435131072998e+02
2.720307705402374268e+02
3.719604413509368896e+02
3.904659359455108643e+02
3.034901113510131836e+02
3.664087929725646973e+02
4.219252767562866211e+02
3.090417597293853760e+02
3.534549467563629150e+02
4.126725294589996338e+02
2.646285727024078369e+02
3.497538478374481201e+02
3.793626391887664795e+02
2.572263748645782471e+02
3.553054962158203125e+02
3.534549467563629150e+02
3.145934081077575684e+02
3.516043972969055176e+02
3.293978037834167480e+02
2.831340672969818115e+02
3.145934081077575684e+02
3.368000016212463379e+02
3.182945070266723633e+02
3.071912102699279785e+02
2.646285727024078369e+02
3.127428586483001709e+02
3.219956059455871582e+02
3.423516499996185303e+02
2.683296716213226318e+02
2.812835178375244141e+02
3.460527489185333252e+02
3.256967048645019531e+02
2.997890124320983887e+02
2.627780232429504395e+02
3.756615402698516846e+02
2.979384629726409912e+02
2.720307705402374268e+02
2.331692318916320801e+02
3.775120897293090820e+02
2.905362651348114014e+02
2.405714297294616699e+02
2.387208802700042725e+02
3.553054962158203125e+02
2.886857156753540039e+02
2.775824189186096191e+02
3.682593424320220947e+02
3.886153864860534668e+02
2.960879135131835938e+02
3.127428586483001709e+02
5.052000024318695068e+02
4.774417605400085449e+02
3.275472543239593506e+02
3.071912102699279785e+02
3.997186832427978516e+02
4.071208810806274414e+02
3.349494521617889404e+02
3.164439575672149658e+02
2.146637372970581055e+02
2.942373640537261963e+02
2.942373640537261963e+02
3.368000016212463379e+02
2.035604405403137207e+02
3.071912102699279785e+02
2.775824189186096191e+02
3.127428586483001709e+02
2.683296716213226318e+02
3.201450564861297607e+02
3.164439575672149658e+02
2.664791221618652344e+02
2.609274737834930420e+02
2.831340672969818115e+02
3.349494521617889404e+02
2.609274737834930420e+02
2.664791221618652344e+02
2.738813199996948242e+02
3.090417597293853760e+02
2.979384629726409912e+02
2.831340672969818115e+02
3.182945070266723633e+02
2.905362651348114014e+02
3.275472543239593506e+02
2.794329683780670166e+02
3.312483532428741455e+02
3.034901113510131836e+02
3.312483532428741455e+02
2.868351662158966064e+02
3.145934081077575684e+02
3.127428586483001709e+02
3.071912102699279785e+02
3.071912102699279785e+02
3.034901113510131836e+02
2.831340672969818115e+02
2.923868145942687988e+02
2.794329683780670166e+02
2.775824189186096191e+02
2.849846167564392090e+02
2.757318694591522217e+02
2.775824189186096191e+02
2.905362651348114014e+02
3.479032983779907227e+02
3.330989027023315430e+02
3.423516499996185303e+02
3.386505510807037354e+02
3.275472543239593506e+02
3.645582435131072998e+02
3.238461554050445557e+02
3.756615402698516846e+02
3.201450564861297607e+02
3.682593424320220947e+02
3.275472543239593506e+02
3.812131886482238770e+02
3.275472543239593506e+02
3.812131886482238770e+02
4.163736283779144287e+02
2.960879135131835938e+02
4.256263756752014160e+02
4.163736283779144287e+02
2.738813199996948242e+02
4.237758262157440186e+02
3.775120897293090820e+02
2.794329683780670166e+02
4.200747272968292236e+02
3.682593424320220947e+02
2.997890124320983887e+02
4.089714305400848389e+02
3.904659359455108643e+02
3.053406608104705811e+02
3.608571445941925049e+02
3.886153864860534668e+02
2.775824189186096191e+02
3.293978037834167480e+02
3.627076940536499023e+02
2.720307705402374268e+02
3.497538478374481201e+02
3.460527489185333252e+02
3.071912102699279785e+02
3.664087929725646973e+02
3.349494521617889404e+02
2.905362651348114014e+02
3.275472543239593506e+02
3.405011005401611328e+02
3.182945070266723633e+02
3.182945070266723633e+02
3.016395618915557861e+02
2.868351662158966064e+02
3.016395618915557861e+02
3.368000016212463379e+02
2.812835178375244141e+02
2.609274737834930420e+02
3.108923091888427734e+02
3.368000016212463379e+02
2.942373640537261963e+02
2.720307705402374268e+02
3.442021994590759277e+02
3.349494521617889404e+02
2.831340672969818115e+02
2.720307705402374268e+02
3.460527489185333252e+02
3.182945070266723633e+02
2.553758254051208496e+02
2.387208802700042725e+02
3.219956059455871582e+02
2.886857156753540039e+02
2.646285727024078369e+02
3.293978037834167480e+02
3.830637381076812744e+02
2.997890124320983887e+02
3.053406608104705811e+02
4.792923099994659424e+02
4.700395627021789551e+02
3.368000016212463379e+02
3.238461554050445557e+02
3.978681337833404541e+02
4.089714305400848389e+02
3.386505510807037354e+02
3.275472543239593506e+02
2.257670340538024902e+02
3.127428586483001709e+02
2.905362651348114014e+02
3.238461554050445557e+02
1.943076932430267334e+02
3.330989027023315430e+02
2.609274737834930420e+02
2.905362651348114014e+02
2.553758254051208496e+02
3.442021994590759277e+02
2.886857156753540039e+02
2.516747264862060547e+02
2.627780232429504395e+02
2.886857156753540039e+02
3.164439575672149658e+02
2.609274737834930420e+02
2.683296716213226318e+02
2.646285727024078369e+02
3.071912102699279785e+02
3.016395618915557861e+02
2.831340672969818115e+02
2.942373640537261963e+02
2.757318694591522217e+02
3.219956059455871582e+02
2.720307705402374268e+02
3.071912102699279785e+02
2.757318694591522217e+02
3.275472543239593506e+02
2.849846167564392090e+02
3.016395618915557861e+02
2.979384629726409912e+02
3.275472543239593506e+02
3.219956059455871582e+02
2.997890124320983887e+02
2.942373640537261963e+02
3.053406608104705811e+02
3.219956059455871582e+02
2.923868145942687988e+02
2.831340672969818115e+02
2.849846167564392090e+02
2.868351662158966064e+02
2.757318694591522217e+02
2.923868145942687988e+02
3.256967048645019531e+02
2.979384629726409912e+02
3.460527489185333252e+02
3.090417597293853760e+02
3.516043972969055176e+02
3.034901113510131836e+02
3.553054962158203125e+02
3.108923091888427734e+02
3.904659359455108643e+02
3.627076940536499023e+02
3.793626391887664795e+02
4.293274745941162109e+02
3.219956059455871582e+02
4.441318702697753906e+02
4.237758262157440186e+02
2.942373640537261963e+02
4.570857164859771729e+02
3.793626391887664795e+02
2.923868145942687988e+02
4.626373648643493652e+02
3.460527489185333252e+02
2.960879135131835938e+02
4.404307713508605957e+02
3.497538478374481201e+02
2.979384629726409912e+02
3.645582435131072998e+02
3.553054962158203125e+02
2.979384629726409912e+02
3.275472543239593506e+02
3.479032983779907227e+02
2.942373640537261963e+02
3.608571445941925049e+02
3.460527489185333252e+02
3.016395618915557861e+02
3.793626391887664795e+02
3.368000016212463379e+02
3.238461554050445557e+02
3.405011005401611328e+02
3.090417597293853760e+02
3.368000016212463379e+02
3.238461554050445557e+02
2.831340672969818115e+02
2.905362651348114014e+02
3.368000016212463379e+02
2.960879135131835938e+02
2.572263748645782471e+02
2.960879135131835938e+02
3.497538478374481201e+02
2.886857156753540039e+02
2.701802210807800293e+02
3.053406608104705811e+02
3.701098918914794922e+02
2.979384629726409912e+02
2.886857156753540039e+02
2.942373640537261963e+02
3.664087929725646973e+02
2.738813199996948242e+02
2.609274737834930420e+02
3.108923091888427734e+02
3.312483532428741455e+02
2.609274737834930420e+02
2.775824189186096191e+02
3.849142875671386719e+02
3.238461554050445557e+02
3.071912102699279785e+02
3.664087929725646973e+02
4.367296724319458008e+02
3.405011005401611328e+02
3.442021994590759277e+02
3.608571445941925049e+02
3.812131886482238770e+02
3.386505510807037354e+02
3.256967048645019531e+02
2.220659351348876953e+02
3.201450564861297607e+02
3.034901113510131836e+02
2.960879135131835938e+02
1.795032975673675537e+02
3.405011005401611328e+02
2.701802210807800293e+02
2.757318694591522217e+02
2.572263748645782471e+02
3.442021994590759277e+02
2.683296716213226318e+02
2.590769243240356445e+02
2.812835178375244141e+02
2.979384629726409912e+02
2.942373640537261963e+02
2.646285727024078369e+02
2.683296716213226318e+02
2.738813199996948242e+02
3.053406608104705811e+02
2.831340672969818115e+02
2.757318694591522217e+02
2.997890124320983887e+02
2.923868145942687988e+02
2.960879135131835938e+02
2.794329683780670166e+02
3.034901113510131836e+02
2.831340672969818115e+02
3.201450564861297607e+02
2.886857156753540039e+02
2.812835178375244141e+02
2.886857156753540039e+02
3.442021994590759277e+02
3.275472543239593506e+02
2.812835178375244141e+02
3.127428586483001709e+02
2.738813199996948242e+02
2.942373640537261963e+02
2.997890124320983887e+02
2.664791221618652344e+02
2.664791221618652344e+02
3.182945070266723633e+02
2.868351662158966064e+02
3.182945070266723633e+02
2.923868145942687988e+02
3.256967048645019531e+02
2.868351662158966064e+02
3.608571445941925049e+02
2.979384629726409912e+02
4.274769251346588135e+02
3.682593424320220947e+02
3.645582435131072998e+02
4.459824197292327881e+02
3.497538478374481201e+02
4.311780240535736084e+02
4.163736283779144287e+02
3.293978037834167480e+02
4.626373648643493652e+02
3.719604413509368896e+02
3.108923091888427734e+02
4.792923099994659424e+02
3.405011005401611328e+02
2.905362651348114014e+02
4.459824197292327881e+02
3.330989027023315430e+02
2.831340672969818115e+02
3.608571445941925049e+02
3.349494521617889404e+02
3.071912102699279785e+02
3.386505510807037354e+02
3.405011005401611328e+02
3.071912102699279785e+02
3.775120897293090820e+02
3.571560456752777100e+02
2.923868145942687988e+02
3.793626391887664795e+02
3.479032983779907227e+02
3.090417597293853760e+02
3.386505510807037354e+02
2.942373640537261963e+02
3.645582435131072998e+02
3.219956059455871582e+02
2.997890124320983887e+02
2.794329683780670166e+02
3.516043972969055176e+02
3.034901113510131836e+02
2.664791221618652344e+02
3.034901113510131836e+02
3.627076940536499023e+02
2.886857156753540039e+02
2.553758254051208496e+02
2.868351662158966064e+02
3.867648370265960693e+02
2.997890124320983887e+02
2.794329683780670166e+02
2.683296716213226318e+02
3.960175843238830566e+02
2.757318694591522217e+02
2.775824189186096191e+02
3.219956059455871582e+02
3.793626391887664795e+02
2.664791221618652344e+02
2.590769243240356445e+02
3.923164854049682617e+02
3.571560456752777100e+02
3.238461554050445557e+02
3.034901113510131836e+02
3.793626391887664795e+02
3.405011005401611328e+02
3.590065951347351074e+02
2.979384629726409912e+02
3.238461554050445557e+02
3.312483532428741455e+02
3.145934081077575684e+02
1.998593416213989258e+02
3.090417597293853760e+02
3.219956059455871582e+02
2.812835178375244141e+02
1.702505502700805664e+02
3.293978037834167480e+02
2.960879135131835938e+02
2.886857156753540039e+02
2.775824189186096191e+02
3.368000016212463379e+02
2.720307705402374268e+02
2.886857156753540039e+02
3.164439575672149658e+02
3.145934081077575684e+02
2.812835178375244141e+02
2.701802210807800293e+02
2.664791221618652344e+02
3.034901113510131836e+02
3.016395618915557861e+02
2.609274737834930420e+02
2.720307705402374268e+02
3.182945070266723633e+02
3.164439575672149658e+02
2.757318694591522217e+02
2.979384629726409912e+02
3.145934081077575684e+02
3.053406608104705811e+02
3.256967048645019531e+02
3.034901113510131836e+02
2.794329683780670166e+02
2.849846167564392090e+02
3.571560456752777100e+02
3.330989027023315430e+02
2.701802210807800293e+02
3.145934081077575684e+02
2.664791221618652344e+02
2.942373640537261963e+02
2.979384629726409912e+02
2.627780232429504395e+02
2.738813199996948242e+02
3.312483532428741455e+02
2.923868145942687988e+02
3.108923091888427734e+02
2.868351662158966064e+02
3.219956059455871582e+02
2.757318694591522217e+02
3.886153864860534668e+02
2.923868145942687988e+02
4.515340681076049805e+02
3.368000016212463379e+02
3.405011005401611328e+02
4.311780240535736084e+02
3.608571445941925049e+02
3.960175843238830566e+02
3.793626391887664795e+02
3.627076940536499023e+02
4.459824197292327881e+02
3.571560456752777100e+02
3.349494521617889404e+02
4.626373648643493652e+02
3.479032983779907227e+02
2.849846167564392090e+02
4.145230789184570312e+02
3.368000016212463379e+02
2.720307705402374268e+02
3.534549467563629150e+02
3.256967048645019531e+02
3.053406608104705811e+02
3.590065951347351074e+02
3.349494521617889404e+02
3.034901113510131836e+02
3.830637381076812744e+02
3.719604413509368896e+02
2.775824189186096191e+02
3.534549467563629150e+02
3.590065951347351074e+02
2.812835178375244141e+02
3.238461554050445557e+02
2.812835178375244141e+02
3.053406608104705811e+02
3.182945070266723633e+02
2.720307705402374268e+02
3.664087929725646973e+02
3.034901113510131836e+02
2.775824189186096191e+02
3.108923091888427734e+02
3.645582435131072998e+02
2.942373640537261963e+02
2.331692318916320801e+02
2.942373640537261963e+02
3.793626391887664795e+02
2.886857156753540039e+02
2.572263748645782471e+02
2.794329683780670166e+02
3.886153864860534668e+02
2.609274737834930420e+02
2.868351662158966064e+02
3.553054962158203125e+02
3.904659359455108643e+02
2.683296716213226318e+02
2.775824189186096191e+02
3.904659359455108643e+02
3.719604413509368896e+02
3.405011005401611328e+02
2.775824189186096191e+02
3.182945070266723633e+02
3.330989027023315430e+02
3.571560456752777100e+02
2.590769243240356445e+02
2.775824189186096191e+02
3.201450564861297607e+02
2.960879135131835938e+02
1.850549459457397461e+02
2.960879135131835938e+02
3.293978037834167480e+02
2.868351662158966064e+02
1.758021986484527588e+02
3.127428586483001709e+02
3.201450564861297607e+02
3.238461554050445557e+02
2.960879135131835938e+02
3.219956059455871582e+02
2.960879135131835938e+02
3.256967048645019531e+02
3.386505510807037354e+02
3.330989027023315430e+02
2.849846167564392090e+02
2.849846167564392090e+02
2.701802210807800293e+02
3.293978037834167480e+02
2.960879135131835938e+02
2.572263748645782471e+02
2.720307705402374268e+02
3.256967048645019531e+02
3.219956059455871582e+02
2.831340672969818115e+02
3.071912102699279785e+02
3.201450564861297607e+02
3.145934081077575684e+02
3.405011005401611328e+02
3.108923091888427734e+02
2.960879135131835938e+02
3.608571445941925049e+02
3.330989027023315430e+02
2.831340672969818115e+02
3.127428586483001709e+02
2.757318694591522217e+02
2.905362651348114014e+02
2.905362651348114014e+02
2.609274737834930420e+02
3.034901113510131836e+02
3.368000016212463379e+02
2.868351662158966064e+02
3.497538478374481201e+02
2.738813199996948242e+02
4.071208810806274414e+02
2.905362651348114014e+02
4.330285735130310059e+02
3.219956059455871582e+02
3.849142875671386719e+02
3.368000016212463379e+02
3.664087929725646973e+02
3.423516499996185303e+02
3.627076940536499023e+02
4.200747272968292236e+02
3.479032983779907227e+02
3.405011005401611328e+02
4.237758262157440186e+02
3.553054962158203125e+02
2.849846167564392090e+02
3.645582435131072998e+02
3.497538478374481201e+02
2.738813199996948242e+02
3.405011005401611328e+02
3.256967048645019531e+02
2.979384629726409912e+02
3.719604413509368896e+02
3.293978037834167480e+02
2.905362651348114014e+02
3.590065951347351074e+02
3.682593424320220947e+02
2.646285727024078369e+02
2.979384629726409912e+02
3.608571445941925049e+02
2.683296716213226318e+02
2.812835178375244141e+02
2.849846167564392090e+02
2.868351662158966064e+02
3.145934081077575684e+02
2.738813199996948242e+02
3.664087929725646973e+02
3.034901113510131836e+02
2.812835178375244141e+02
3.090417597293853760e+02
3.497538478374481201e+02
3.034901113510131836e+02
2.091120889186859131e+02
3.090417597293853760e+02
3.553054962158203125e+02
2.775824189186096191e+02
2.313186824321746826e+02
3.201450564861297607e+02
3.590065951347351074e+02
2.424219791889190674e+02
2.923868145942687988e+02
3.867648370265960693e+02
3.645582435131072998e+02
2.627780232429504395e+02
2.997890124320983887e+02
3.738109908103942871e+02
3.534549467563629150e+02
3.368000016212463379e+02
2.831340672969818115e+02
2.738813199996948242e+02
3.238461554050445557e+02
3.368000016212463379e+02
2.535252759456634521e+02
2.627780232429504395e+02
3.145934081077575684e+02
2.997890124320983887e+02
2.017098910808563232e+02
2.942373640537261963e+02
3.275472543239593506e+02
3.016395618915557861e+02
1.980087921619415283e+02
2.979384629726409912e+02
3.349494521617889404e+02
3.349494521617889404e+02
2.960879135131835938e+02
3.145934081077575684e+02
3.256967048645019531e+02
3.405011005401611328e+02
3.349494521617889404e+02
3.460527489185333252e+02
3.090417597293853760e+02
3.053406608104705811e+02
2.775824189186096191e+02
3.368000016212463379e+02
2.905362651348114014e+02
2.812835178375244141e+02
2.757318694591522217e+02
3.090417597293853760e+02
3.016395618915557861e+02
3.071912102699279785e+02
2.997890124320983887e+02
3.127428586483001709e+02
3.034901113510131836e+02
3.497538478374481201e+02
3.016395618915557861e+02
3.256967048645019531e+02
3.497538478374481201e+02
3.145934081077575684e+02
2.997890124320983887e+02
3.016395618915557861e+02
2.886857156753540039e+02
3.016395618915557861e+02
3.664087929725646973e+02
2.923868145942687988e+02
3.719604413509368896e+02
2.868351662158966064e+02
3.978681337833404541e+02
2.960879135131835938e+02
3.830637381076812744e+02
3.182945070266723633e+02
3.386505510807037354e+02
2.905362651348114014e+02
3.516043972969055176e+02
3.219956059455871582e+02
3.275472543239593506e+02
3.923164854049682617e+02
3.368000016212463379e+02
3.275472543239593506e+02
3.756615402698516846e+02
3.516043972969055176e+02
2.960879135131835938e+02
3.256967048645019531e+02
3.479032983779907227e+02
2.905362651348114014e+02
3.423516499996185303e+02
3.293978037834167480e+02
2.979384629726409912e+02
3.886153864860534668e+02
3.182945070266723633e+02
2.775824189186096191e+02
3.330989027023315430e+02
3.312483532428741455e+02
2.683296716213226318e+02
2.239164845943450928e+02
3.275472543239593506e+02
2.812835178375244141e+02
2.387208802700042725e+02
2.979384629726409912e+02
4.071208810806274414e+02
2.868351662158966064e+02
3.034901113510131836e+02
2.942373640537261963e+02
3.368000016212463379e+02
3.034901113510131836e+02
2.757318694591522217e+02
3.053406608104705811e+02
3.182945070266723633e+02
3.164439575672149658e+02
2.054109899997711182e+02
3.127428586483001709e+02
3.275472543239593506e+02
2.886857156753540039e+02
2.202153856754302979e+02
3.516043972969055176e+02
3.238461554050445557e+02
2.479736275672912598e+02
2.886857156753540039e+02
4.052703316211700439e+02
3.256967048645019531e+02
2.572263748645782471e+02
3.016395618915557861e+02
3.590065951347351074e+02
3.256967048645019531e+02
3.071912102699279785e+02
2.831340672969818115e+02
2.738813199996948242e+02
3.164439575672149658e+02
3.219956059455871582e+02
2.590769243240356445e+02
2.775824189186096191e+02
3.145934081077575684e+02
3.201450564861297607e+02
2.461230781078338623e+02
3.016395618915557861e+02
3.293978037834167480e+02
3.145934081077575684e+02
2.331692318916320801e+02
2.923868145942687988e+02
3.460527489185333252e+02
3.164439575672149658e+02
2.609274737834930420e+02
3.108923091888427734e+02
3.553054962158203125e+02
3.256967048645019531e+02
2.997890124320983887e+02
3.423516499996185303e+02
3.330989027023315430e+02
3.182945070266723633e+02
2.868351662158966064e+02
3.238461554050445557e+02
2.923868145942687988e+02
3.090417597293853760e+02
2.849846167564392090e+02
2.775824189186096191e+02
2.849846167564392090e+02
3.275472543239593506e+02
2.923868145942687988e+02
2.905362651348114014e+02
2.923868145942687988e+02
3.479032983779907227e+02
2.905362651348114014e+02
3.386505510807037354e+02
2.812835178375244141e+02
3.312483532428741455e+02
3.108923091888427734e+02
3.182945070266723633e+02
3.201450564861297607e+02
2.942373640537261963e+02
3.090417597293853760e+02
3.664087929725646973e+02
3.108923091888427734e+02
3.627076940536499023e+02
3.053406608104705811e+02
3.368000016212463379e+02
3.201450564861297607e+02
3.164439575672149658e+02
2.516747264862060547e+02
3.497538478374481201e+02
3.201450564861297607e+02
2.757318694591522217e+02
3.664087929725646973e+02
3.275472543239593506e+02
3.145934081077575684e+02
3.368000016212463379e+02
3.368000016212463379e+02
3.145934081077575684e+02
3.108923091888427734e+02
3.423516499996185303e+02
3.090417597293853760e+02
3.516043972969055176e+02
3.330989027023315430e+02
2.960879135131835938e+02
3.941670348644256592e+02
3.053406608104705811e+02
2.720307705402374268e+02
3.201450564861297607e+02
2.868351662158966064e+02
2.905362651348114014e+02
2.128131878376007080e+02
2.886857156753540039e+02
3.127428586483001709e+02
2.294681329727172852e+02
3.127428586483001709e+02
3.849142875671386719e+02
3.016395618915557861e+02
2.997890124320983887e+02
3.275472543239593506e+02
3.108923091888427734e+02
3.034901113510131836e+02
2.738813199996948242e+02
3.127428586483001709e+02
2.886857156753540039e+02
3.275472543239593506e+02
2.183648362159729004e+02
3.127428586483001709e+02
2.997890124320983887e+02
3.219956059455871582e+02
2.257670340538024902e+02
3.534549467563629150e+02
2.942373640537261963e+02
2.831340672969818115e+02
2.794329683780670166e+02
4.015692327022552490e+02
2.905362651348114014e+02
2.627780232429504395e+02
2.905362651348114014e+02
3.608571445941925049e+02
3.071912102699279785e+02
2.757318694591522217e+02
2.646285727024078369e+02
2.997890124320983887e+02
3.182945070266723633e+02
3.090417597293853760e+02
2.664791221618652344e+02
3.016395618915557861e+02
3.201450564861297607e+02
3.460527489185333252e+02
2.923868145942687988e+02
3.071912102699279785e+02
3.368000016212463379e+02
3.238461554050445557e+02
2.757318694591522217e+02
2.923868145942687988e+02
3.590065951347351074e+02
2.886857156753540039e+02
2.498241770267486572e+02
3.053406608104705811e+02
3.701098918914794922e+02
3.034901113510131836e+02
2.738813199996948242e+02
3.256967048645019531e+02
3.423516499996185303e+02
3.238461554050445557e+02
2.886857156753540039e+02
3.071912102699279785e+02
2.979384629726409912e+02
3.182945070266723633e+02
2.923868145942687988e+02
2.609274737834930420e+02
2.960879135131835938e+02
3.312483532428741455e+02
2.942373640537261963e+02
2.683296716213226318e+02
3.071912102699279785e+02
3.405011005401611328e+02
2.923868145942687988e+02
3.238461554050445557e+02
3.127428586483001709e+02
3.219956059455871582e+02
3.238461554050445557e+02
3.053406608104705811e+02
3.349494521617889404e+02
3.442021994590759277e+02
3.368000016212463379e+02
3.405011005401611328e+02
3.090417597293853760e+02
3.238461554050445557e+02
3.256967048645019531e+02
3.182945070266723633e+02
3.553054962158203125e+02
3.182945070266723633e+02
2.646285727024078369e+02
3.423516499996185303e+02
3.182945070266723633e+02
3.238461554050445557e+02
3.090417597293853760e+02
3.275472543239593506e+02
3.349494521617889404e+02
3.127428586483001709e+02
3.423516499996185303e+02
3.182945070266723633e+02
3.571560456752777100e+02
3.312483532428741455e+02
2.942373640537261963e+02
3.867648370265960693e+02
2.960879135131835938e+02
2.757318694591522217e+02
3.349494521617889404e+02
2.609274737834930420e+02
3.108923091888427734e+02
2.498241770267486572e+02
2.738813199996948242e+02
3.849142875671386719e+02
3.405011005401611328e+02
2.590769243240356445e+02
3.238461554050445557e+02
3.645582435131072998e+02
3.164439575672149658e+02
3.182945070266723633e+02
3.516043972969055176e+02
3.127428586483001709e+02
3.034901113510131836e+02
2.868351662158966064e+02
3.312483532428741455e+02
2.923868145942687988e+02
3.330989027023315430e+02
2.331692318916320801e+02
3.127428586483001709e+02
2.886857156753540039e+02
3.534549467563629150e+02
2.350197813510894775e+02
3.349494521617889404e+02
2.757318694591522217e+02
3.330989027023315430e+02
2.831340672969818115e+02
3.812131886482238770e+02
2.849846167564392090e+02
2.868351662158966064e+02
2.812835178375244141e+02
3.590065951347351074e+02
3.219956059455871582e+02
2.516747264862060547e+02
2.479736275672912598e+02
3.108923091888427734e+02
3.405011005401611328e+02
2.868351662158966064e+02
2.683296716213226318e+02
2.997890124320983887e+02
3.238461554050445557e+02
3.645582435131072998e+02
3.219956059455871582e+02
3.053406608104705811e+02
3.423516499996185303e+02
3.349494521617889404e+02
3.127428586483001709e+02
2.923868145942687988e+02
3.756615402698516846e+02
2.812835178375244141e+02
2.701802210807800293e+02
2.905362651348114014e+02
3.719604413509368896e+02
3.071912102699279785e+02
2.738813199996948242e+02
3.090417597293853760e+02
3.312483532428741455e+02
3.293978037834167480e+02
2.905362651348114014e+02
3.071912102699279785e+02
3.071912102699279785e+02
3.164439575672149658e+02
2.886857156753540039e+02
2.664791221618652344e+02
3.386505510807037354e+02
3.219956059455871582e+02
2.979384629726409912e+02
2.609274737834930420e+02
3.479032983779907227e+02
3.368000016212463379e+02
3.090417597293853760e+02
3.256967048645019531e+02
2.831340672969818115e+02
3.145934081077575684e+02
3.145934081077575684e+02
3.164439575672149658e+02
3.516043972969055176e+02
3.368000016212463379e+02
3.090417597293853760e+02
3.201450564861297607e+02
3.312483532428741455e+02
3.164439575672149658e+02
3.608571445941925049e+02
3.071912102699279785e+02
2.997890124320983887e+02
3.293978037834167480e+02
3.071912102699279785e+02
3.553054962158203125e+02
2.997890124320983887e+02
3.238461554050445557e+02
3.516043972969055176e+02
3.127428586483001709e+02
3.497538478374481201e+02
3.145934081077575684e+02
3.423516499996185303e+02
3.238461554050445557e+02
2.849846167564392090e+02
3.719604413509368896e+02
2.868351662158966064e+02
2.757318694591522217e+02
3.645582435131072998e+02
2.794329683780670166e+02
3.182945070266723633e+02
3.201450564861297607e+02
3.145934081077575684e+02
3.516043972969055176e+02
3.479032983779907227e+02
3.164439575672149658e+02
3.460527489185333252e+02
3.534549467563629150e+02
3.182945070266723633e+02
3.423516499996185303e+02
3.553054962158203125e+02
3.349494521617889404e+02
3.016395618915557861e+02
3.127428586483001709e+02
3.442021994590759277e+02
3.182945070266723633e+02
3.349494521617889404e+02
2.368703308105468750e+02
3.201450564861297607e+02
3.034901113510131836e+02
3.664087929725646973e+02
2.331692318916320801e+02
3.145934081077575684e+02
2.923868145942687988e+02
3.664087929725646973e+02
2.960879135131835938e+02
3.460527489185333252e+02
3.127428586483001709e+02
3.127428586483001709e+02
2.923868145942687988e+02
3.442021994590759277e+02
3.608571445941925049e+02
2.387208802700042725e+02
2.609274737834930420e+02
2.923868145942687988e+02
3.775120897293090820e+02
2.646285727024078369e+02
2.794329683780670166e+02
2.757318694591522217e+02
3.256967048645019531e+02
3.571560456752777100e+02
3.349494521617889404e+02
2.942373640537261963e+02
3.349494521617889404e+02
3.405011005401611328e+02
3.386505510807037354e+02
2.905362651348114014e+02
3.793626391887664795e+02
3.034901113510131836e+02
3.053406608104705811e+02
2.664791221618652344e+02
3.701098918914794922e+02
3.330989027023315430e+02
2.923868145942687988e+02
2.923868145942687988e+02
3.219956059455871582e+02
3.497538478374481201e+02
2.942373640537261963e+02
3.201450564861297607e+02
3.182945070266723633e+02
3.219956059455871582e+02
2.849846167564392090e+02
2.849846167564392090e+02
3.830637381076812744e+02
3.201450564861297607e+02
3.867648370265960693e+02
3.349494521617889404e+02
3.182945070266723633e+02
3.256967048645019531e+02
2.942373640537261963e+02
3.127428586483001709e+02
3.090417597293853760e+02
3.090417597293853760e+02
3.201450564861297607e+02
3.182945070266723633e+02
3.442021994590759277e+02
2.979384629726409912e+02
3.645582435131072998e+02
2.831340672969818115e+02
3.312483532428741455e+02
2.886857156753540039e+02
3.793626391887664795e+02
3.108923091888427734e+02
3.201450564861297607e+02
3.479032983779907227e+02
3.127428586483001709e+02
3.460527489185333252e+02
2.997890124320983887e+02
3.145934081077575684e+02
3.127428586483001709e+02
2.757318694591522217e+02
3.534549467563629150e+02
2.905362651348114014e+02
2.757318694591522217e+02
3.849142875671386719e+02
3.368000016212463379e+02
3.145934081077575684e+02
3.571560456752777100e+02
3.849142875671386719e+02
3.368000016212463379e+02
3.368000016212463379e+02
3.442021994590759277e+02
3.608571445941925049e+02
3.497538478374481201e+02
3.108923091888427734e+02
3.590065951347351074e+02
3.460527489185333252e+02
3.479032983779907227e+02
2.997890124320983887e+02
3.293978037834167480e+02
3.460527489185333252e+02
3.405011005401611328e+02
3.386505510807037354e+02
2.368703308105468750e+02
3.275472543239593506e+02
3.386505510807037354e+02
3.682593424320220947e+02
2.239164845943450928e+02
2.997890124320983887e+02
3.349494521617889404e+02
3.682593424320220947e+02
2.905362651348114014e+02
3.182945070266723633e+02
3.479032983779907227e+02
3.256967048645019531e+02
3.071912102699279785e+02
3.164439575672149658e+02
3.812131886482238770e+02
2.442725286483764648e+02
2.886857156753540039e+02
2.646285727024078369e+02
3.904659359455108643e+02
2.516747264862060547e+02
2.923868145942687988e+02
2.442725286483764648e+02
3.201450564861297607e+02
3.386505510807037354e+02
3.256967048645019531e+02
2.997890124320983887e+02
3.127428586483001709e+02
3.423516499996185303e+02
3.405011005401611328e+02
2.868351662158966064e+02
3.793626391887664795e+02
3.293978037834167480e+02
3.256967048645019531e+02
2.368703308105468750e+02
3.775120897293090820e+02
3.553054962158203125e+02
3.053406608104705811e+02
2.757318694591522217e+02
3.312483532428741455e+02
3.664087929725646973e+02
2.979384629726409912e+02
3.368000016212463379e+02
3.330989027023315430e+02
3.312483532428741455e+02
3.941670348644256592e+02
3.219956059455871582e+02
3.812131886482238770e+02
3.275472543239593506e+02
3.164439575672149658e+02
3.090417597293853760e+02
3.071912102699279785e+02
2.942373640537261963e+02
3.053406608104705811e+02
3.590065951347351074e+02
2.664791221618652344e+02
3.645582435131072998e+02
2.664791221618652344e+02
3.497538478374481201e+02
2.812835178375244141e+02
3.738109908103942871e+02
3.460527489185333252e+02
3.034901113510131836e+02
3.238461554050445557e+02
3.182945070266723633e+02
3.238461554050445557e+02
2.794329683780670166e+02
2.849846167564392090e+02
3.108923091888427734e+02
2.646285727024078369e+02
3.275472543239593506e+02
3.164439575672149658e+02
2.757318694591522217e+02
3.886153864860534668e+02
3.904659359455108643e+02
3.182945070266723633e+02
3.497538478374481201e+02
4.496835186481475830e+02
3.330989027023315430e+02
3.312483532428741455e+02
3.164439575672149658e+02
3.812131886482238770e+02
3.405011005401611328e+02
3.034901113510131836e+02
3.571560456752777100e+02
3.349494521617889404e+02
3.423516499996185303e+02
2.979384629726409912e+02
3.349494521617889404e+02
3.405011005401611328e+02
3.460527489185333252e+02
3.479032983779907227e+02
2.331692318916320801e+02
3.275472543239593506e+02
3.738109908103942871e+02
3.682593424320220947e+02
2.072615394592285156e+02
2.905362651348114014e+02
3.738109908103942871e+02
3.516043972969055176e+02
2.720307705402374268e+02
2.979384629726409912e+02
3.516043972969055176e+02
3.275472543239593506e+02
3.201450564861297607e+02
3.016395618915557861e+02
3.442021994590759277e+02
2.609274737834930420e+02
3.219956059455871582e+02
2.720307705402374268e+02
3.682593424320220947e+02
2.553758254051208496e+02
3.071912102699279785e+02
2.516747264862060547e+02
3.182945070266723633e+02
3.312483532428741455e+02
3.108923091888427734e+02
3.127428586483001709e+02
2.997890124320983887e+02
3.460527489185333252e+02
3.219956059455871582e+02
2.942373640537261963e+02
3.701098918914794922e+02
3.368000016212463379e+02
3.201450564861297607e+02
2.239164845943450928e+02
3.923164854049682617e+02
3.534549467563629150e+02
3.053406608104705811e+02
2.646285727024078369e+02
3.460527489185333252e+02
3.608571445941925049e+02
3.349494521617889404e+02
3.349494521617889404e+02
3.775120897293090820e+02
3.238461554050445557e+02
3.590065951347351074e+02
3.219956059455871582e+02
3.164439575672149658e+02
2.923868145942687988e+02
3.201450564861297607e+02
2.757318694591522217e+02
2.979384629726409912e+02
3.590065951347351074e+02
2.701802210807800293e+02
3.664087929725646973e+02
2.923868145942687988e+02
3.886153864860534668e+02
2.979384629726409912e+02
2.942373640537261963e+02
3.275472543239593506e+02
3.071912102699279785e+02
2.627780232429504395e+02
2.572263748645782471e+02
3.238461554050445557e+02
2.627780232429504395e+02
3.219956059455871582e+02
3.442021994590759277e+02
2.831340672969818115e+02
3.719604413509368896e+02
3.904659359455108643e+02
3.275472543239593506e+02
3.145934081077575684e+02
4.237758262157440186e+02
3.368000016212463379e+02
3.386505510807037354e+02
2.886857156753540039e+02
3.701098918914794922e+02
3.312483532428741455e+02
2.960879135131835938e+02
3.479032983779907227e+02
3.256967048645019531e+02
3.238461554050445557e+02
2.831340672969818115e+02
3.293978037834167480e+02
3.256967048645019531e+02
3.256967048645019531e+02
3.497538478374481201e+02
2.294681329727172852e+02
3.090417597293853760e+02
3.775120897293090820e+02
3.645582435131072998e+02
1.943076932430267334e+02
2.757318694591522217e+02
3.960175843238830566e+02
3.368000016212463379e+02
2.664791221618652344e+02
2.960879135131835938e+02
3.145934081077575684e+02
3.219956059455871582e+02
3.442021994590759277e+02
3.275472543239593506e+02
2.738813199996948242e+02
2.812835178375244141e+02
3.497538478374481201e+02
3.219956059455871582e+02
3.127428586483001709e+02
2.738813199996948242e+02
3.201450564861297607e+02
3.034901113510131836e+02
3.108923091888427734e+02
3.256967048645019531e+02
3.034901113510131836e+02
3.330989027023315430e+02
3.071912102699279785e+02
3.460527489185333252e+02
3.071912102699279785e+02
3.071912102699279785e+02
3.627076940536499023e+02
3.238461554050445557e+02
3.071912102699279785e+02
2.387208802700042725e+02
3.978681337833404541e+02
3.312483532428741455e+02
3.460527489185333252e+02
3.460527489185333252e+02
3.164439575672149658e+02
3.275472543239593506e+02
3.479032983779907227e+02
3.145934081077575684e+02
3.497538478374481201e+02
3.127428586483001709e+02
3.312483532428741455e+02
2.886857156753540039e+02
3.405011005401611328e+02
2.720307705402374268e+02
4.015692327022552490e+02
3.053406608104705811e+02
2.738813199996948242e+02
3.368000016212463379e+02
3.219956059455871582e+02
2.590769243240356445e+02
2.701802210807800293e+02
3.571560456752777100e+02
2.738813199996948242e+02
3.108923091888427734e+02
3.756615402698516846e+02
2.905362651348114014e+02
3.442021994590759277e+02
3.682593424320220947e+02
3.330989027023315430e+02
3.090417597293853760e+02
3.590065951347351074e+02
3.516043972969055176e+02
2.942373640537261963e+02
3.293978037834167480e+02
3.219956059455871582e+02
2.868351662158966064e+02
3.386505510807037354e+02
3.127428586483001709e+02
3.090417597293853760e+02
2.627780232429504395e+02
3.108923091888427734e+02
2.979384629726409912e+02
3.034901113510131836e+02
3.312483532428741455e+02
2.202153856754302979e+02
2.775824189186096191e+02
3.479032983779907227e+02
3.497538478374481201e+02
1.998593416213989258e+02
2.701802210807800293e+02
3.738109908103942871e+02
3.256967048645019531e+02
2.831340672969818115e+02
3.182945070266723633e+02
2.868351662158966064e+02
3.127428586483001709e+02
3.793626391887664795e+02
3.608571445941925049e+02
2.165142867565155029e+02
2.942373640537261963e+02
3.756615402698516846e+02
3.608571445941925049e+02
2.701802210807800293e+02
2.849846167564392090e+02
3.368000016212463379e+02
3.442021994590759277e+02
3.034901113510131836e+02
3.219956059455871582e+02
3.108923091888427734e+02
3.423516499996185303e+02
3.127428586483001709e+02
3.330989027023315430e+02
3.534549467563629150e+02
2.997890124320983887e+02
3.793626391887664795e+02
3.016395618915557861e+02
3.238461554050445557e+02
3.312483532428741455e+02
2.886857156753540039e+02
3.182945070266723633e+02
3.201450564861297607e+02
2.960879135131835938e+02
3.516043972969055176e+02
2.979384629726409912e+02
3.571560456752777100e+02
2.942373640537261963e+02
3.312483532428741455e+02
2.646285727024078369e+02
2.738813199996948242e+02
2.923868145942687988e+02
3.904659359455108643e+02
2.979384629726409912e+02
3.127428586483001709e+02
3.978681337833404541e+02
2.979384629726409912e+02
3.349494521617889404e+02
3.608571445941925049e+02
3.219956059455871582e+02
3.256967048645019531e+02
3.090417597293853760e+02
3.442021994590759277e+02
3.293978037834167480e+02
2.960879135131835938e+02
3.108923091888427734e+02
2.794329683780670166e+02
3.330989027023315430e+02
2.942373640537261963e+02
3.108923091888427734e+02
2.442725286483764648e+02
2.886857156753540039e+02
2.738813199996948242e+02
3.071912102699279785e+02
2.960879135131835938e+02
2.165142867565155029e+02
2.498241770267486572e+02
3.164439575672149658e+02
3.275472543239593506e+02
2.313186824321746826e+02
2.646285727024078369e+02
3.238461554050445557e+02
3.164439575672149658e+02
3.256967048645019531e+02
3.312483532428741455e+02
2.831340672969818115e+02
3.090417597293853760e+02
4.108219799995422363e+02
3.664087929725646973e+02
2.405714297294616699e+02
3.016395618915557861e+02
3.849142875671386719e+02
3.627076940536499023e+02
2.572263748645782471e+02
2.886857156753540039e+02
2.905362651348114014e+02
3.053406608104705811e+02
3.127428586483001709e+02
3.127428586483001709e+02
3.442021994590759277e+02
2.886857156753540039e+02
3.442021994590759277e+02
2.942373640537261963e+02
2.997890124320983887e+02
3.256967048645019531e+02
2.775824189186096191e+02
3.145934081077575684e+02
3.108923091888427734e+02
2.812835178375244141e+02
3.553054962158203125e+02
2.812835178375244141e+02
3.775120897293090820e+02
3.349494521617889404e+02
2.683296716213226318e+02
2.979384629726409912e+02
3.238461554050445557e+02
3.034901113510131836e+02
3.053406608104705811e+02
3.442021994590759277e+02
3.071912102699279785e+02
3.182945070266723633e+02
3.534549467563629150e+02
2.775824189186096191e+02
2.775824189186096191e+02
3.312483532428741455e+02
2.831340672969818115e+02
3.238461554050445557e+02
2.405714297294616699e+02
2.775824189186096191e+02
2.683296716213226318e+02
3.368000016212463379e+02
2.720307705402374268e+02
2.257670340538024902e+02
2.424219791889190674e+02
3.201450564861297607e+02
3.090417597293853760e+02
2.646285727024078369e+02
2.646285727024078369e+02
3.127428586483001709e+02
3.071912102699279785e+02
3.016395618915557861e+02
3.053406608104705811e+02
2.923868145942687988e+02
3.053406608104705811e+02
2.757318694591522217e+02
2.905362651348114014e+02
2.775824189186096191e+02
2.923868145942687988e+02
3.090417597293853760e+02
2.960879135131835938e+02
3.312483532428741455e+02
2.923868145942687988e+02
3.182945070266723633e+02
2.979384629726409912e+02
2.923868145942687988e+02
3.238461554050445557e+02
2.923868145942687988e+02
3.201450564861297607e+02
3.108923091888427734e+02
2.886857156753540039e+02
3.442021994590759277e+02
2.701802210807800293e+02
3.256967048645019531e+02
2.812835178375244141e+02
3.164439575672149658e+02
3.386505510807037354e+02
3.108923091888427734e+02
2.979384629726409912e+02
3.108923091888427734e+02
2.923868145942687988e+02
3.293978037834167480e+02
2.572263748645782471e+02
3.793626391887664795e+02
2.720307705402374268e+02
3.608571445941925049e+02
3.053406608104705811e+02
3.275472543239593506e+02
3.053406608104705811e+02
3.293978037834167480e+02
3.016395618915557861e+02
3.405011005401611328e+02
3.090417597293853760e+02
3.071912102699279785e+02
3.053406608104705811e+02
2.849846167564392090e+02
2.923868145942687988e+02
3.108923091888427734e+02
2.979384629726409912e+02
3.293978037834167480e+02
3.016395618915557861e+02
3.090417597293853760e+02
2.960879135131835938e+02
3.090417597293853760e+02
3.071912102699279785e+02
3.219956059455871582e+02
3.238461554050445557e+02
3.164439575672149658e+02
3.090417597293853760e+02
3.201450564861297607e+02
2.738813199996948242e+02
3.423516499996185303e+02
3.034901113510131836e+02
2.886857156753540039e+02
3.201450564861297607e+02
3.312483532428741455e+02
3.127428586483001709e+02
3.053406608104705811e+02
3.238461554050445557e+02
3.238461554050445557e+02
2.997890124320983887e+02
3.978681337833404541e+02
2.979384629726409912e+02
4.108219799995422363e+02
3.145934081077575684e+02
3.386505510807037354e+02
3.090417597293853760e+02
3.312483532428741455e+02
2.905362651348114014e+02
3.553054962158203125e+02
3.053406608104705811e+02
3.349494521617889404e+02
3.238461554050445557e+02
3.090417597293853760e+02
3.090417597293853760e+02
3.256967048645019531e+02
3.071912102699279785e+02
3.293978037834167480e+02
3.108923091888427734e+02
3.090417597293853760e+02
2.868351662158966064e+02
3.275472543239593506e+02
2.831340672969818115e+02
3.405011005401611328e+02
3.145934081077575684e+02
3.238461554050445557e+02
3.275472543239593506e+02
2.905362651348114014e+02
2.590769243240356445e+02
3.053406608104705811e+02
2.831340672969818115e+02
2.923868145942687988e+02
3.164439575672149658e+02
3.164439575672149658e+02
3.108923091888427734e+02
3.145934081077575684e+02
3.368000016212463379e+02
3.627076940536499023e+02
3.479032983779907227e+02
3.312483532428741455e+02
3.293978037834167480e+02
3.442021994590759277e+02
3.127428586483001709e+02
3.201450564861297607e+02
2.831340672969818115e+02
3.423516499996185303e+02
2.997890124320983887e+02
3.405011005401611328e+02
3.368000016212463379e+02
3.293978037834167480e+02
3.201450564861297607e+02
3.386505510807037354e+02
3.016395618915557861e+02
3.293978037834167480e+02
3.053406608104705811e+02
3.145934081077575684e+02
2.812835178375244141e+02
3.312483532428741455e+02
2.720307705402374268e+02
3.034901113510131836e+02
3.238461554050445557e+02
3.034901113510131836e+02
2.868351662158966064e+02
2.997890124320983887e+02
2.775824189186096191e+02
2.868351662158966064e+02
3.108923091888427734e+02
3.145934081077575684e+02
3.127428586483001709e+02
3.053406608104705811e+02
3.275472543239593506e+02
3.812131886482238770e+02
3.849142875671386719e+02
3.516043972969055176e+02
3.349494521617889404e+02
3.182945070266723633e+02
2.831340672969818115e+02
3.275472543239593506e+02
2.923868145942687988e+02
3.349494521617889404e+02
3.275472543239593506e+02
3.330989027023315430e+02
3.090417597293853760e+02
3.330989027023315430e+02
2.794329683780670166e+02
3.164439575672149658e+02
2.849846167564392090e+02
2.942373640537261963e+02
2.923868145942687988e+02
2.979384629726409912e+02
3.071912102699279785e+02
3.053406608104705811e+02
3.108923091888427734e+02
3.182945070266723633e+02
2.905362651348114014e+02
2.831340672969818115e+02
3.090417597293853760e+02
3.330989027023315430e+02
3.238461554050445557e+02
2.886857156753540039e+02
2.960879135131835938e+02
3.701098918914794922e+02
3.941670348644256592e+02
3.516043972969055176e+02
3.256967048645019531e+02
3.201450564861297607e+02
2.997890124320983887e+02
2.886857156753540039e+02
3.053406608104705811e+02
2.886857156753540039e+02
2.572263748645782471e+02
2.812835178375244141e+02
3.293978037834167480e+02
3.293978037834167480e+02
2.997890124320983887e+02
2.923868145942687988e+02
3.034901113510131836e+02
3.238461554050445557e+02
3.423516499996185303e+02
3.090417597293853760e+02
2.886857156753540039e+02
3.145934081077575684e+02
3.534549467563629150e+02
3.405011005401611328e+02
2.886857156753540039e+02
2.849846167564392090e+02
3.534549467563629150e+02
3.812131886482238770e+02
3.460527489185333252e+02
3.164439575672149658e+02
3.238461554050445557e+02
3.219956059455871582e+02
2.923868145942687988e+02
2.812835178375244141e+02
2.757318694591522217e+02
2.609274737834930420e+02
2.997890124320983887e+02
3.645582435131072998e+02
3.534549467563629150e+02
2.923868145942687988e+02
2.812835178375244141e+02
3.108923091888427734e+02
3.330989027023315430e+02
3.182945070266723633e+02
3.071912102699279785e+02
3.256967048645019531e+02
3.534549467563629150e+02
3.479032983779907227e+02
3.219956059455871582e+02
3.164439575672149658e+02
3.460527489185333252e+02
3.627076940536499023e+02
3.423516499996185303e+02
3.164439575672149658e+02
3.256967048645019531e+02
3.349494521617889404e+02
3.016395618915557861e+02
2.738813199996948242e+02
2.775824189186096191e+02
2.849846167564392090e+02
3.201450564861297607e+02
3.701098918914794922e+02
3.442021994590759277e+02
2.720307705402374268e+02
2.757318694591522217e+02
3.238461554050445557e+02
3.201450564861297607e+02
3.293978037834167480e+02
3.312483532428741455e+02
3.293978037834167480e+02
3.423516499996185303e+02
3.627076940536499023e+02
3.682593424320220947e+02
3.534549467563629150e+02
3.442021994590759277e+02
3.442021994590759277e+02
3.293978037834167480e+02
3.256967048645019531e+02
3.349494521617889404e+02
3.127428586483001709e+02
2.849846167564392090e+02
2.886857156753540039e+02
3.071912102699279785e+02
3.312483532428741455e+02
3.516043972969055176e+02
3.090417597293853760e+02
2.516747264862060547e+02
2.738813199996948242e+02
3.330989027023315430e+02
3.145934081077575684e+02
3.368000016212463379e+02
3.219956059455871582e+02
2.979384629726409912e+02
3.201450564861297607e+02
3.812131886482238770e+02
3.904659359455108643e+02
3.516043972969055176e+02
3.312483532428741455e+02
3.479032983779907227e+02
3.405011005401611328e+02
3.219956059455871582e+02
3.219956059455871582e+02
3.164439575672149658e+02
2.942373640537261963e+02
2.960879135131835938e+02
3.127428586483001709e+02
3.312483532428741455e+02
3.219956059455871582e+02
2.794329683780670166e+02
2.461230781078338623e+02
2.757318694591522217e+02
3.201450564861297607e+02
3.238461554050445557e+02
3.071912102699279785e+02
2.886857156753540039e+02
3.164439575672149658e+02
3.645582435131072998e+02
3.664087929725646973e+02
3.330989027023315430e+02
3.275472543239593506e+02
3.460527489185333252e+02
3.442021994590759277e+02
3.219956059455871582e+02
3.164439575672149658e+02
3.127428586483001709e+02
2.960879135131835938e+02
2.923868145942687988e+02
3.090417597293853760e+02
3.238461554050445557e+02
3.016395618915557861e+02
2.609274737834930420e+02
2.516747264862060547e+02
2.720307705402374268e+02
3.034901113510131836e+02
3.016395618915557861e+02
3.053406608104705811e+02
3.201450564861297607e+02
3.312483532428741455e+02
3.201450564861297607e+02
3.145934081077575684e+02
3.330989027023315430e+02
3.405011005401611328e+02
3.405011005401611328e+02
3.312483532428741455e+02
3.238461554050445557e+02
3.090417597293853760e+02
2.960879135131835938e+02
2.886857156753540039e+02
3.053406608104705811e+02
3.145934081077575684e+02
2.849846167564392090e+02
2.516747264862060547e+02
2.609274737834930420e+02
2.664791221618652344e+02
3.238461554050445557e+02
3.349494521617889404e+02
3.238461554050445557e+02
3.034901113510131836e+02
2.868351662158966064e+02
3.071912102699279785e+02
3.442021994590759277e+02
3.423516499996185303e+02
3.386505510807037354e+02
3.460527489185333252e+02
3.405011005401611328e+02
3.164439575672149658e+02
3.053406608104705811e+02
2.979384629726409912e+02
3.053406608104705811e+02
3.071912102699279785e+02
2.757318694591522217e+02
2.535252759456634521e+02
2.738813199996948242e+02
3.460527489185333252e+02
3.145934081077575684e+02
2.849846167564392090e+02
2.738813199996948242e+02
3.071912102699279785e+02
3.516043972969055176e+02
3.460527489185333252e+02
3.405011005401611328e+02
3.553054962158203125e+02
3.571560456752777100e+02
3.368000016212463379e+02
3.238461554050445557e+02
3.108923091888427734e+02
3.090417597293853760e+02
3.034901113510131836e+02
2.646285727024078369e+02
2.572263748645782471e+02
2.997890124320983887e+02
2.812835178375244141e+02
2.738813199996948242e+02
3.016395618915557861e+02
3.460527489185333252e+02
3.497538478374481201e+02
3.423516499996185303e+02
3.553054962158203125e+02
3.645582435131072998e+02
3.608571445941925049e+02
3.405011005401611328e+02
3.164439575672149658e+02
3.182945070266723633e+02
3.053406608104705811e+02
2.516747264862060547e+02
2.812835178375244141e+02
2.979384629726409912e+02
3.312483532428741455e+02
3.423516499996185303e+02
3.405011005401611328e+02
3.442021994590759277e+02
3.608571445941925049e+02
3.682593424320220947e+02
3.405011005401611328e+02
3.127428586483001709e+02
3.256967048645019531e+02
3.349494521617889404e+02
3.405011005401611328e+02
3.349494521617889404e+02
3.460527489185333252e+02
3.571560456752777100e+02
