# 
#     Files used to generate the data: 
#     image: 1007_STIR.nii.gz
#     mask: 1007_normal_marrow.nii.gz
#     Column: intensities of voxels considered to be normal bone.
#     
3.802666823863983154e+02
3.684571580886840820e+02
3.306666803359985352e+02
3.070476317405700684e+02
3.448381094932556152e+02
3.779047775268554688e+02
3.802666823863983154e+02
4.416762087345123291e+02
4.487619233131408691e+02
4.227809698581695557e+02
4.133333504199981689e+02
3.684571580886840820e+02
3.164952511787414551e+02
3.023238220214843750e+02
3.235809657573699951e+02
3.590095386505126953e+02
4.015238261222839355e+02
4.086095407009124756e+02
4.086095407009124756e+02
3.849904921054840088e+02
4.015238261222839355e+02
4.275047795772552490e+02
4.345904941558837891e+02
4.416762087345123291e+02
4.605714476108551025e+02
4.062476358413696289e+02
3.566476337909698486e+02
3.117714414596557617e+02
3.731809678077697754e+02
2.763428685665130615e+02
3.330285851955413818e+02
3.117714414596557617e+02
2.952381074428558350e+02
3.660952532291412354e+02
2.645333442687988281e+02
3.897143018245697021e+02
3.779047775268554688e+02
3.259428706169128418e+02
3.235809657573699951e+02
3.731809678077697754e+02
3.755428726673126221e+02
4.086095407009124756e+02
4.369523990154266357e+02
4.464000184535980225e+02
4.369523990154266357e+02
4.227809698581695557e+02
4.345904941558837891e+02
4.369523990154266357e+02
4.204190649986267090e+02
3.897143018245697021e+02
3.849904921054840088e+02
3.779047775268554688e+02
4.275047795772552490e+02
3.353904900550842285e+02
4.723809719085693359e+02
3.212190608978271484e+02
4.227809698581695557e+02
3.519238240718841553e+02
3.164952511787414551e+02
3.495619192123413086e+02
2.905142977237701416e+02
3.070476317405700684e+02
3.542857289314270020e+02
2.857904880046844482e+02
4.038857309818267822e+02
2.645333442687988281e+02
3.920762066841125488e+02
2.007619130611419678e+02
3.637333483695983887e+02
2.172952470779418945e+02
3.283047754764556885e+02
2.952381074428558350e+02
3.141333463191986084e+02
3.637333483695983887e+02
4.652952573299407959e+02
3.566476337909698486e+02
3.566476337909698486e+02
3.708190629482269287e+02
3.920762066841125488e+02
4.227809698581695557e+02
4.440381135940551758e+02
4.511238281726837158e+02
4.629333524703979492e+02
4.605714476108551025e+02
4.700190670490264893e+02
4.960000205039978027e+02
4.275047795772552490e+02
4.393143038749694824e+02
4.440381135940551758e+02
4.605714476108551025e+02
4.558476378917694092e+02
4.440381135940551758e+02
4.227809698581695557e+02
4.440381135940551758e+02
4.534857330322265625e+02
4.227809698581695557e+02
3.637333483695983887e+02
3.755428726673126221e+02
3.566476337909698486e+02
3.660952532291412354e+02
3.684571580886840820e+02
4.038857309818267822e+02
3.283047754764556885e+02
3.424762046337127686e+02
4.558476378917694092e+02
3.117714414596557617e+02
5.668571662902832031e+02
3.212190608978271484e+02
4.275047795772552490e+02
3.472000143527984619e+02
5.030857350826263428e+02
3.519238240718841553e+02
3.424762046337127686e+02
3.330285851955413818e+02
3.542857289314270020e+02
3.590095386505126953e+02
3.283047754764556885e+02
2.810666782855987549e+02
3.519238240718841553e+02
3.353904900550842285e+02
3.968000164031982422e+02
2.810666782855987549e+02
4.322285892963409424e+02
4.251428747177124023e+02
2.763428685665130615e+02
4.015238261222839355e+02
4.015238261222839355e+02
2.054857227802276611e+02
3.779047775268554688e+02
2.598095345497131348e+02
3.519238240718841553e+02
3.613714435100555420e+02
3.212190608978271484e+02
3.802666823863983154e+02
3.377523949146270752e+02
3.401142997741699219e+02
4.393143038749694824e+02
4.605714476108551025e+02
4.156952552795410156e+02
4.227809698581695557e+02
3.920762066841125488e+02
3.684571580886840820e+02
3.802666823863983154e+02
4.133333504199981689e+02
4.487619233131408691e+02
4.582095427513122559e+02
4.605714476108551025e+02
4.794666864871978760e+02
4.912762107849121094e+02
4.841904962062835693e+02
4.841904962062835693e+02
4.700190670490264893e+02
4.393143038749694824e+02
4.652952573299407959e+02
4.156952552795410156e+02
3.873523969650268555e+02
4.133333504199981689e+02
4.464000184535980225e+02
4.723809719085693359e+02
4.936381156444549561e+02
5.007238302230834961e+02
4.818285913467407227e+02
4.865524010658264160e+02
4.062476358413696289e+02
4.416762087345123291e+02
4.393143038749694824e+02
4.133333504199981689e+02
4.180571601390838623e+02
4.511238281726837158e+02
4.275047795772552490e+02
4.015238261222839355e+02
3.613714435100555420e+02
4.109714455604553223e+02
3.306666803359985352e+02
3.472000143527984619e+02
3.826285872459411621e+02
3.259428706169128418e+02
4.180571601390838623e+02
3.755428726673126221e+02
3.826285872459411621e+02
3.519238240718841553e+02
3.944381115436553955e+02
3.873523969650268555e+02
3.944381115436553955e+02
3.164952511787414551e+02
4.676571621894836426e+02
3.448381094932556152e+02
4.345904941558837891e+02
3.094095366001129150e+02
5.881143100261688232e+02
3.377523949146270752e+02
4.393143038749694824e+02
3.495619192123413086e+02
5.361524031162261963e+02
3.519238240718841553e+02
3.779047775268554688e+02
3.401142997741699219e+02
3.991619212627410889e+02
3.448381094932556152e+02
3.613714435100555420e+02
2.739809637069702148e+02
3.944381115436553955e+02
3.424762046337127686e+02
4.038857309818267822e+02
2.787047734260559082e+02
4.534857330322265625e+02
3.684571580886840820e+02
4.133333504199981689e+02
3.094095366001129150e+02
4.109714455604553223e+02
3.495619192123413086e+02
3.920762066841125488e+02
2.834285831451416016e+02
3.046857268810272217e+02
3.259428706169128418e+02
3.897143018245697021e+02
3.259428706169128418e+02
3.212190608978271484e+02
3.542857289314270020e+02
3.708190629482269287e+02
4.015238261222839355e+02
4.298666844367980957e+02
3.377523949146270752e+02
3.826285872459411621e+02
3.353904900550842285e+02
3.306666803359985352e+02
4.062476358413696289e+02
3.519238240718841553e+02
4.204190649986267090e+02
3.708190629482269287e+02
3.401142997741699219e+02
4.322285892963409424e+02
4.133333504199981689e+02
4.345904941558837891e+02
4.534857330322265625e+02
4.322285892963409424e+02
4.062476358413696289e+02
4.062476358413696289e+02
4.227809698581695557e+02
4.487619233131408691e+02
4.676571621894836426e+02
4.865524010658264160e+02
5.101714496612548828e+02
5.267047836780548096e+02
5.078095448017120361e+02
4.771047816276550293e+02
4.464000184535980225e+02
4.251428747177124023e+02
4.251428747177124023e+02
4.322285892963409424e+02
3.991619212627410889e+02
4.747428767681121826e+02
4.818285913467407227e+02
4.298666844367980957e+02
3.968000164031982422e+02
4.156952552795410156e+02
4.652952573299407959e+02
4.960000205039978027e+02
5.007238302230834961e+02
5.007238302230834961e+02
5.054476399421691895e+02
5.101714496612548828e+02
5.172571642398834229e+02
5.054476399421691895e+02
4.086095407009124756e+02
3.968000164031982422e+02
4.251428747177124023e+02
4.298666844367980957e+02
3.991619212627410889e+02
4.204190649986267090e+02
3.826285872459411621e+02
4.227809698581695557e+02
3.566476337909698486e+02
3.779047775268554688e+02
3.991619212627410889e+02
3.708190629482269287e+02
3.779047775268554688e+02
3.424762046337127686e+02
4.393143038749694824e+02
3.897143018245697021e+02
3.826285872459411621e+02
3.235809657573699951e+02
4.345904941558837891e+02
4.038857309818267822e+02
3.991619212627410889e+02
3.353904900550842285e+02
4.298666844367980957e+02
3.897143018245697021e+02
3.968000164031982422e+02
3.141333463191986084e+02
4.676571621894836426e+02
3.590095386505126953e+02
4.227809698581695557e+02
3.164952511787414551e+02
5.172571642398834229e+02
3.779047775268554688e+02
4.464000184535980225e+02
3.637333483695983887e+02
5.219809739589691162e+02
3.944381115436553955e+02
4.086095407009124756e+02
3.590095386505126953e+02
4.771047816276550293e+02
3.660952532291412354e+02
3.731809678077697754e+02
2.787047734260559082e+02
4.534857330322265625e+02
3.637333483695983887e+02
3.826285872459411621e+02
2.763428685665130615e+02
4.629333524703979492e+02
4.038857309818267822e+02
3.802666823863983154e+02
3.306666803359985352e+02
4.086095407009124756e+02
3.944381115436553955e+02
3.590095386505126953e+02
3.448381094932556152e+02
3.023238220214843750e+02
3.401142997741699219e+02
3.660952532291412354e+02
3.684571580886840820e+02
2.952381074428558350e+02
3.306666803359985352e+02
3.660952532291412354e+02
3.897143018245697021e+02
3.779047775268554688e+02
3.897143018245697021e+02
3.542857289314270020e+02
3.590095386505126953e+02
3.897143018245697021e+02
3.472000143527984619e+02
3.235809657573699951e+02
3.802666823863983154e+02
3.495619192123413086e+02
3.660952532291412354e+02
3.590095386505126953e+02
3.164952511787414551e+02
3.448381094932556152e+02
3.235809657573699951e+02
4.416762087345123291e+02
4.416762087345123291e+02
4.369523990154266357e+02
4.487619233131408691e+02
4.652952573299407959e+02
4.605714476108551025e+02
4.534857330322265625e+02
4.393143038749694824e+02
4.227809698581695557e+02
4.345904941558837891e+02
4.865524010658264160e+02
5.267047836780548096e+02
5.526857371330261230e+02
5.621333565711975098e+02
5.385143079757690430e+02
4.889143059253692627e+02
4.440381135940551758e+02
4.204190649986267090e+02
4.298666844367980957e+02
4.558476378917694092e+02
4.652952573299407959e+02
3.873523969650268555e+02
4.133333504199981689e+02
4.771047816276550293e+02
4.936381156444549561e+02
4.605714476108551025e+02
4.275047795772552490e+02
4.369523990154266357e+02
4.723809719085693359e+02
4.841904962062835693e+02
4.652952573299407959e+02
4.700190670490264893e+02
5.078095448017120361e+02
5.361524031162261963e+02
5.385143079757690430e+02
5.243428788185119629e+02
4.865524010658264160e+02
4.275047795772552490e+02
3.991619212627410889e+02
3.849904921054840088e+02
4.133333504199981689e+02
4.298666844367980957e+02
4.794666864871978760e+02
4.771047816276550293e+02
4.015238261222839355e+02
4.109714455604553223e+02
4.109714455604553223e+02
3.708190629482269287e+02
3.944381115436553955e+02
3.873523969650268555e+02
3.779047775268554688e+02
3.495619192123413086e+02
4.133333504199981689e+02
4.133333504199981689e+02
3.920762066841125488e+02
3.448381094932556152e+02
3.897143018245697021e+02
4.251428747177124023e+02
4.251428747177124023e+02
3.590095386505126953e+02
3.590095386505126953e+02
4.534857330322265625e+02
4.440381135940551758e+02
3.779047775268554688e+02
3.519238240718841553e+02
4.700190670490264893e+02
4.062476358413696289e+02
3.897143018245697021e+02
3.377523949146270752e+02
4.582095427513122559e+02
3.660952532291412354e+02
4.133333504199981689e+02
3.377523949146270752e+02
4.511238281726837158e+02
3.991619212627410889e+02
4.440381135940551758e+02
3.684571580886840820e+02
4.912762107849121094e+02
4.369523990154266357e+02
4.180571601390838623e+02
3.519238240718841553e+02
5.148952593803405762e+02
4.086095407009124756e+02
3.731809678077697754e+02
2.928762025833129883e+02
4.960000205039978027e+02
3.826285872459411621e+02
3.708190629482269287e+02
2.905142977237701416e+02
4.582095427513122559e+02
4.015238261222839355e+02
3.542857289314270020e+02
3.401142997741699219e+02
4.109714455604553223e+02
4.133333504199981689e+02
3.188571560382843018e+02
3.708190629482269287e+02
3.212190608978271484e+02
3.731809678077697754e+02
3.283047754764556885e+02
3.755428726673126221e+02
2.857904880046844482e+02
3.330285851955413818e+02
3.566476337909698486e+02
3.566476337909698486e+02
3.424762046337127686e+02
3.613714435100555420e+02
3.590095386505126953e+02
3.283047754764556885e+02
3.779047775268554688e+02
4.015238261222839355e+02
3.637333483695983887e+02
3.188571560382843018e+02
3.424762046337127686e+02
3.472000143527984619e+02
3.731809678077697754e+02
3.472000143527984619e+02
3.070476317405700684e+02
3.353904900550842285e+02
3.448381094932556152e+02
3.046857268810272217e+02
3.377523949146270752e+02
3.353904900550842285e+02
3.401142997741699219e+02
3.660952532291412354e+02
4.416762087345123291e+02
4.416762087345123291e+02
4.534857330322265625e+02
4.629333524703979492e+02
4.652952573299407959e+02
4.700190670490264893e+02
4.794666864871978760e+02
4.960000205039978027e+02
4.723809719085693359e+02
4.227809698581695557e+02
4.227809698581695557e+02
4.936381156444549561e+02
5.597714517116546631e+02
5.833905003070831299e+02
5.857524051666259766e+02
5.597714517116546631e+02
5.054476399421691895e+02
4.629333524703979492e+02
4.440381135940551758e+02
4.558476378917694092e+02
4.841904962062835693e+02
4.960000205039978027e+02
4.889143059253692627e+02
4.511238281726837158e+02
4.251428747177124023e+02
4.369523990154266357e+02
4.747428767681121826e+02
4.983619253635406494e+02
4.889143059253692627e+02
4.676571621894836426e+02
4.605714476108551025e+02
4.629333524703979492e+02
4.464000184535980225e+02
4.180571601390838623e+02
4.393143038749694824e+02
4.983619253635406494e+02
5.432381176948547363e+02
5.456000225543975830e+02
5.267047836780548096e+02
5.148952593803405762e+02
5.125333545207977295e+02
4.322285892963409424e+02
3.873523969650268555e+02
3.755428726673126221e+02
4.038857309818267822e+02
4.889143059253692627e+02
4.345904941558837891e+02
5.007238302230834961e+02
4.983619253635406494e+02
4.180571601390838623e+02
4.133333504199981689e+02
4.298666844367980957e+02
4.534857330322265625e+02
3.897143018245697021e+02
3.826285872459411621e+02
4.015238261222839355e+02
4.109714455604553223e+02
3.566476337909698486e+02
4.251428747177124023e+02
4.086095407009124756e+02
4.038857309818267822e+02
3.235809657573699951e+02
4.369523990154266357e+02
4.180571601390838623e+02
4.322285892963409424e+02
3.235809657573699951e+02
4.133333504199981689e+02
4.629333524703979492e+02
4.700190670490264893e+02
3.377523949146270752e+02
3.920762066841125488e+02
4.960000205039978027e+02
4.393143038749694824e+02
3.637333483695983887e+02
3.708190629482269287e+02
4.629333524703979492e+02
3.731809678077697754e+02
3.944381115436553955e+02
3.566476337909698486e+02
4.322285892963409424e+02
3.802666823863983154e+02
4.204190649986267090e+02
3.542857289314270020e+02
4.818285913467407227e+02
4.345904941558837891e+02
4.015238261222839355e+02
3.235809657573699951e+02
5.172571642398834229e+02
4.298666844367980957e+02
3.660952532291412354e+02
2.999619171619415283e+02
4.794666864871978760e+02
3.897143018245697021e+02
3.755428726673126221e+02
3.141333463191986084e+02
4.464000184535980225e+02
3.849904921054840088e+02
3.590095386505126953e+02
3.424762046337127686e+02
4.369523990154266357e+02
4.156952552795410156e+02
3.117714414596557617e+02
3.731809678077697754e+02
3.684571580886840820e+02
4.109714455604553223e+02
3.164952511787414551e+02
3.849904921054840088e+02
2.928762025833129883e+02
3.590095386505126953e+02
3.519238240718841553e+02
3.519238240718841553e+02
3.188571560382843018e+02
3.353904900550842285e+02
3.590095386505126953e+02
3.141333463191986084e+02
3.897143018245697021e+02
3.566476337909698486e+02
3.660952532291412354e+02
3.164952511787414551e+02
3.849904921054840088e+02
3.401142997741699219e+02
3.684571580886840820e+02
3.377523949146270752e+02
3.283047754764556885e+02
3.023238220214843750e+02
3.188571560382843018e+02
3.353904900550842285e+02
3.235809657573699951e+02
3.094095366001129150e+02
3.259428706169128418e+02
3.542857289314270020e+02
3.424762046337127686e+02
3.660952532291412354e+02
4.558476378917694092e+02
4.511238281726837158e+02
4.652952573299407959e+02
4.841904962062835693e+02
4.794666864871978760e+02
4.747428767681121826e+02
4.983619253635406494e+02
5.243428788185119629e+02
4.912762107849121094e+02
4.275047795772552490e+02
4.156952552795410156e+02
4.652952573299407959e+02
5.408762128353118896e+02
5.763047857284545898e+02
5.786666905879974365e+02
5.479619274139404297e+02
5.054476399421691895e+02
4.818285913467407227e+02
4.771047816276550293e+02
4.818285913467407227e+02
4.936381156444549561e+02
4.936381156444549561e+02
4.771047816276550293e+02
4.582095427513122559e+02
4.511238281726837158e+02
4.534857330322265625e+02
4.605714476108551025e+02
4.676571621894836426e+02
4.841904962062835693e+02
5.007238302230834961e+02
4.983619253635406494e+02
4.794666864871978760e+02
4.440381135940551758e+02
4.086095407009124756e+02
4.062476358413696289e+02
4.393143038749694824e+02
4.771047816276550293e+02
5.148952593803405762e+02
5.290666885375976562e+02
5.148952593803405762e+02
5.196190690994262695e+02
5.337904982566833496e+02
4.936381156444549561e+02
4.369523990154266357e+02
4.369523990154266357e+02
3.849904921054840088e+02
3.684571580886840820e+02
4.511238281726837158e+02
3.944381115436553955e+02
4.700190670490264893e+02
4.771047816276550293e+02
4.298666844367980957e+02
4.983619253635406494e+02
4.794666864871978760e+02
4.298666844367980957e+02
4.464000184535980225e+02
4.464000184535980225e+02
4.700190670490264893e+02
4.109714455604553223e+02
4.038857309818267822e+02
4.062476358413696289e+02
4.369523990154266357e+02
3.873523969650268555e+02
4.180571601390838623e+02
3.991619212627410889e+02
3.968000164031982422e+02
3.448381094932556152e+02
4.487619233131408691e+02
4.156952552795410156e+02
4.062476358413696289e+02
3.164952511787414551e+02
4.582095427513122559e+02
4.676571621894836426e+02
4.700190670490264893e+02
3.212190608978271484e+02
4.369523990154266357e+02
4.960000205039978027e+02
4.676571621894836426e+02
3.377523949146270752e+02
3.944381115436553955e+02
4.652952573299407959e+02
3.849904921054840088e+02
3.684571580886840820e+02
3.637333483695983887e+02
4.487619233131408691e+02
3.590095386505126953e+02
3.897143018245697021e+02
3.283047754764556885e+02
4.841904962062835693e+02
4.086095407009124756e+02
3.755428726673126221e+02
2.928762025833129883e+02
4.723809719085693359e+02
4.227809698581695557e+02
3.495619192123413086e+02
3.094095366001129150e+02
4.109714455604553223e+02
3.944381115436553955e+02
3.779047775268554688e+02
3.401142997741699219e+02
4.251428747177124023e+02
3.849904921054840088e+02
3.802666823863983154e+02
3.401142997741699219e+02
4.700190670490264893e+02
4.180571601390838623e+02
3.401142997741699219e+02
3.755428726673126221e+02
4.345904941558837891e+02
4.393143038749694824e+02
3.306666803359985352e+02
4.275047795772552490e+02
3.164952511787414551e+02
3.968000164031982422e+02
3.566476337909698486e+02
3.897143018245697021e+02
2.976000123023986816e+02
3.401142997741699219e+02
3.495619192123413086e+02
3.117714414596557617e+02
3.991619212627410889e+02
3.117714414596557617e+02
3.542857289314270020e+02
2.999619171619415283e+02
4.227809698581695557e+02
3.094095366001129150e+02
3.613714435100555420e+02
3.117714414596557617e+02
3.566476337909698486e+02
3.235809657573699951e+02
3.283047754764556885e+02
3.141333463191986084e+02
3.259428706169128418e+02
3.401142997741699219e+02
3.188571560382843018e+02
3.164952511787414551e+02
3.590095386505126953e+02
3.235809657573699951e+02
3.779047775268554688e+02
3.401142997741699219e+02
3.613714435100555420e+02
4.818285913467407227e+02
4.676571621894836426e+02
4.629333524703979492e+02
4.700190670490264893e+02
4.818285913467407227e+02
4.818285913467407227e+02
4.865524010658264160e+02
5.196190690994262695e+02
5.314285933971405029e+02
4.841904962062835693e+02
4.322285892963409424e+02
4.156952552795410156e+02
4.156952552795410156e+02
4.700190670490264893e+02
5.385143079757690430e+02
5.503238322734832764e+02
5.172571642398834229e+02
4.889143059253692627e+02
4.865524010658264160e+02
4.960000205039978027e+02
4.983619253635406494e+02
4.865524010658264160e+02
4.700190670490264893e+02
4.511238281726837158e+02
4.275047795772552490e+02
4.771047816276550293e+02
4.652952573299407959e+02
4.771047816276550293e+02
4.889143059253692627e+02
4.700190670490264893e+02
4.534857330322265625e+02
4.723809719085693359e+02
4.960000205039978027e+02
4.841904962062835693e+02
4.298666844367980957e+02
3.991619212627410889e+02
4.298666844367980957e+02
4.700190670490264893e+02
4.676571621894836426e+02
4.771047816276550293e+02
5.030857350826263428e+02
5.078095448017120361e+02
5.101714496612548828e+02
5.219809739589691162e+02
4.794666864871978760e+02
4.511238281726837158e+02
4.393143038749694824e+02
3.920762066841125488e+02
4.700190670490264893e+02
3.755428726673126221e+02
4.605714476108551025e+02
3.920762066841125488e+02
4.723809719085693359e+02
4.534857330322265625e+02
4.038857309818267822e+02
4.960000205039978027e+02
4.416762087345123291e+02
4.464000184535980225e+02
4.015238261222839355e+02
4.960000205039978027e+02
4.322285892963409424e+02
4.605714476108551025e+02
4.156952552795410156e+02
4.511238281726837158e+02
3.897143018245697021e+02
4.464000184535980225e+02
4.251428747177124023e+02
4.156952552795410156e+02
3.826285872459411621e+02
3.849904921054840088e+02
4.086095407009124756e+02
4.345904941558837891e+02
4.180571601390838623e+02
3.755428726673126221e+02
3.731809678077697754e+02
4.629333524703979492e+02
4.582095427513122559e+02
4.534857330322265625e+02
3.519238240718841553e+02
4.534857330322265625e+02
4.747428767681121826e+02
4.747428767681121826e+02
3.353904900550842285e+02
3.968000164031982422e+02
4.605714476108551025e+02
4.062476358413696289e+02
3.424762046337127686e+02
3.542857289314270020e+02
4.629333524703979492e+02
3.755428726673126221e+02
3.637333483695983887e+02
3.070476317405700684e+02
4.700190670490264893e+02
4.062476358413696289e+02
3.495619192123413086e+02
2.834285831451416016e+02
4.086095407009124756e+02
4.133333504199981689e+02
3.212190608978271484e+02
3.212190608978271484e+02
3.590095386505126953e+02
4.038857309818267822e+02
3.542857289314270020e+02
3.424762046337127686e+02
4.086095407009124756e+02
4.133333504199981689e+02
3.873523969650268555e+02
3.212190608978271484e+02
4.936381156444549561e+02
4.251428747177124023e+02
3.731809678077697754e+02
3.779047775268554688e+02
4.818285913467407227e+02
4.227809698581695557e+02
3.495619192123413086e+02
4.841904962062835693e+02
3.637333483695983887e+02
4.062476358413696289e+02
3.519238240718841553e+02
4.298666844367980957e+02
3.212190608978271484e+02
3.660952532291412354e+02
3.377523949146270752e+02
3.070476317405700684e+02
3.920762066841125488e+02
2.999619171619415283e+02
3.377523949146270752e+02
2.905142977237701416e+02
4.275047795772552490e+02
2.857904880046844482e+02
3.542857289314270020e+02
2.999619171619415283e+02
3.779047775268554688e+02
3.330285851955413818e+02
3.472000143527984619e+02
2.999619171619415283e+02
3.424762046337127686e+02
3.613714435100555420e+02
3.212190608978271484e+02
3.070476317405700684e+02
3.188571560382843018e+02
3.401142997741699219e+02
3.495619192123413086e+02
3.046857268810272217e+02
3.802666823863983154e+02
2.905142977237701416e+02
3.708190629482269287e+02
4.700190670490264893e+02
4.605714476108551025e+02
4.676571621894836426e+02
4.676571621894836426e+02
4.652952573299407959e+02
4.629333524703979492e+02
4.936381156444549561e+02
5.408762128353118896e+02
5.172571642398834229e+02
4.511238281726837158e+02
4.416762087345123291e+02
4.369523990154266357e+02
3.991619212627410889e+02
4.109714455604553223e+02
4.841904962062835693e+02
5.219809739589691162e+02
4.983619253635406494e+02
4.747428767681121826e+02
4.794666864871978760e+02
4.983619253635406494e+02
5.007238302230834961e+02
4.818285913467407227e+02
4.582095427513122559e+02
4.416762087345123291e+02
4.156952552795410156e+02
4.841904962062835693e+02
5.101714496612548828e+02
4.865524010658264160e+02
4.960000205039978027e+02
5.219809739589691162e+02
4.983619253635406494e+02
4.275047795772552490e+02
4.133333504199981689e+02
4.582095427513122559e+02
4.771047816276550293e+02
4.298666844367980957e+02
4.062476358413696289e+02
4.534857330322265625e+02
4.936381156444549561e+02
4.747428767681121826e+02
4.676571621894836426e+02
4.960000205039978027e+02
5.148952593803405762e+02
5.148952593803405762e+02
5.101714496612548828e+02
4.747428767681121826e+02
4.038857309818267822e+02
4.558476378917694092e+02
4.464000184535980225e+02
4.298666844367980957e+02
4.015238261222839355e+02
4.652952573299407959e+02
3.944381115436553955e+02
4.865524010658264160e+02
4.605714476108551025e+02
3.968000164031982422e+02
4.794666864871978760e+02
4.180571601390838623e+02
4.440381135940551758e+02
3.731809678077697754e+02
4.841904962062835693e+02
4.322285892963409424e+02
4.393143038749694824e+02
3.519238240718841553e+02
5.267047836780548096e+02
4.156952552795410156e+02
4.629333524703979492e+02
3.920762066841125488e+02
5.219809739589691162e+02
3.731809678077697754e+02
4.558476378917694092e+02
4.511238281726837158e+02
4.558476378917694092e+02
3.708190629482269287e+02
3.897143018245697021e+02
4.652952573299407959e+02
4.251428747177124023e+02
4.086095407009124756e+02
3.660952532291412354e+02
4.393143038749694824e+02
4.275047795772552490e+02
4.464000184535980225e+02
4.369523990154266357e+02
4.015238261222839355e+02
4.298666844367980957e+02
4.605714476108551025e+02
4.700190670490264893e+02
3.542857289314270020e+02
3.897143018245697021e+02
4.629333524703979492e+02
4.298666844367980957e+02
3.330285851955413818e+02
3.424762046337127686e+02
4.558476378917694092e+02
4.251428747177124023e+02
3.495619192123413086e+02
3.023238220214843750e+02
4.369523990154266357e+02
4.464000184535980225e+02
3.401142997741699219e+02
3.046857268810272217e+02
3.849904921054840088e+02
4.275047795772552490e+02
2.976000123023986816e+02
3.377523949146270752e+02
3.590095386505126953e+02
4.156952552795410156e+02
3.141333463191986084e+02
3.141333463191986084e+02
3.991619212627410889e+02
4.464000184535980225e+02
3.613714435100555420e+02
2.621714394092559814e+02
4.676571621894836426e+02
4.298666844367980957e+02
3.708190629482269287e+02
3.660952532291412354e+02
5.054476399421691895e+02
3.802666823863983154e+02
3.448381094932556152e+02
5.078095448017120361e+02
4.582095427513122559e+02
3.849904921054840088e+02
3.448381094932556152e+02
4.322285892963409424e+02
3.755428726673126221e+02
3.897143018245697021e+02
3.377523949146270752e+02
2.952381074428558350e+02
3.802666823863983154e+02
3.306666803359985352e+02
3.259428706169128418e+02
2.976000123023986816e+02
4.038857309818267822e+02
2.976000123023986816e+02
3.424762046337127686e+02
3.259428706169128418e+02
3.849904921054840088e+02
3.519238240718841553e+02
3.519238240718841553e+02
3.188571560382843018e+02
3.684571580886840820e+02
3.755428726673126221e+02
3.283047754764556885e+02
3.141333463191986084e+02
3.353904900550842285e+02
3.448381094932556152e+02
3.306666803359985352e+02
3.023238220214843750e+02
2.999619171619415283e+02
3.566476337909698486e+02
2.668952491283416748e+02
3.590095386505126953e+02
2.763428685665130615e+02
3.424762046337127686e+02
4.723809719085693359e+02
4.440381135940551758e+02
4.345904941558837891e+02
4.582095427513122559e+02
4.700190670490264893e+02
4.487619233131408691e+02
4.393143038749694824e+02
4.912762107849121094e+02
5.432381176948547363e+02
4.912762107849121094e+02
4.204190649986267090e+02
4.464000184535980225e+02
4.794666864871978760e+02
4.180571601390838623e+02
3.802666823863983154e+02
4.416762087345123291e+02
5.007238302230834961e+02
4.960000205039978027e+02
4.723809719085693359e+02
4.723809719085693359e+02
4.889143059253692627e+02
5.007238302230834961e+02
4.841904962062835693e+02
4.605714476108551025e+02
4.440381135940551758e+02
4.180571601390838623e+02
4.156952552795410156e+02
4.912762107849121094e+02
5.219809739589691162e+02
4.936381156444549561e+02
4.747428767681121826e+02
5.432381176948547363e+02
5.526857371330261230e+02
4.511238281726837158e+02
3.637333483695983887e+02
4.015238261222839355e+02
4.534857330322265625e+02
4.416762087345123291e+02
4.251428747177124023e+02
4.511238281726837158e+02
4.841904962062835693e+02
4.771047816276550293e+02
4.700190670490264893e+02
4.936381156444549561e+02
5.243428788185119629e+02
5.314285933971405029e+02
5.219809739589691162e+02
4.936381156444549561e+02
4.298666844367980957e+02
4.511238281726837158e+02
4.322285892963409424e+02
4.275047795772552490e+02
4.393143038749694824e+02
4.109714455604553223e+02
4.464000184535980225e+02
4.038857309818267822e+02
4.889143059253692627e+02
4.582095427513122559e+02
4.038857309818267822e+02
4.700190670490264893e+02
4.322285892963409424e+02
4.464000184535980225e+02
3.637333483695983887e+02
4.652952573299407959e+02
4.322285892963409424e+02
4.487619233131408691e+02
3.141333463191986084e+02
5.314285933971405029e+02
4.133333504199981689e+02
4.652952573299407959e+02
3.566476337909698486e+02
5.904762148857116699e+02
3.849904921054840088e+02
4.487619233131408691e+02
4.629333524703979492e+02
5.267047836780548096e+02
3.849904921054840088e+02
4.038857309818267822e+02
4.960000205039978027e+02
4.251428747177124023e+02
3.991619212627410889e+02
3.849904921054840088e+02
4.629333524703979492e+02
3.873523969650268555e+02
4.298666844367980957e+02
4.322285892963409424e+02
4.227809698581695557e+02
3.991619212627410889e+02
4.676571621894836426e+02
4.582095427513122559e+02
3.802666823863983154e+02
3.849904921054840088e+02
4.841904962062835693e+02
4.416762087345123291e+02
3.495619192123413086e+02
3.353904900550842285e+02
4.487619233131408691e+02
4.605714476108551025e+02
3.542857289314270020e+02
3.070476317405700684e+02
4.204190649986267090e+02
4.841904962062835693e+02
3.377523949146270752e+02
3.377523949146270752e+02
4.133333504199981689e+02
4.440381135940551758e+02
2.952381074428558350e+02
3.590095386505126953e+02
4.204190649986267090e+02
4.133333504199981689e+02
2.834285831451416016e+02
2.857904880046844482e+02
4.015238261222839355e+02
4.464000184535980225e+02
3.164952511787414551e+02
1.913142936229705811e+02
4.156952552795410156e+02
4.180571601390838623e+02
3.283047754764556885e+02
3.235809657573699951e+02
4.747428767681121826e+02
3.424762046337127686e+02
3.306666803359985352e+02
4.700190670490264893e+02
5.503238322734832764e+02
3.495619192123413086e+02
3.495619192123413086e+02
3.991619212627410889e+02
5.030857350826263428e+02
3.920762066841125488e+02
3.495619192123413086e+02
2.716190588474273682e+02
4.015238261222839355e+02
3.731809678077697754e+02
3.235809657573699951e+02
3.188571560382843018e+02
3.755428726673126221e+02
3.519238240718841553e+02
3.235809657573699951e+02
3.873523969650268555e+02
3.873523969650268555e+02
3.849904921054840088e+02
3.424762046337127686e+02
3.755428726673126221e+02
3.944381115436553955e+02
3.849904921054840088e+02
3.330285851955413818e+02
3.424762046337127686e+02
3.613714435100555420e+02
3.495619192123413086e+02
3.117714414596557617e+02
3.164952511787414551e+02
3.472000143527984619e+02
3.472000143527984619e+02
3.235809657573699951e+02
2.716190588474273682e+02
3.377523949146270752e+02
2.787047734260559082e+02
3.353904900550842285e+02
4.652952573299407959e+02
4.180571601390838623e+02
4.109714455604553223e+02
4.558476378917694092e+02
4.771047816276550293e+02
4.487619233131408691e+02
4.275047795772552490e+02
4.723809719085693359e+02
5.196190690994262695e+02
4.700190670490264893e+02
4.180571601390838623e+02
4.534857330322265625e+02
4.983619253635406494e+02
4.534857330322265625e+02
3.944381115436553955e+02
4.227809698581695557e+02
4.747428767681121826e+02
4.936381156444549561e+02
4.794666864871978760e+02
4.700190670490264893e+02
4.889143059253692627e+02
5.078095448017120361e+02
4.936381156444549561e+02
4.652952573299407959e+02
4.534857330322265625e+02
4.322285892963409424e+02
4.251428747177124023e+02
4.723809719085693359e+02
5.078095448017120361e+02
4.676571621894836426e+02
4.038857309818267822e+02
4.794666864871978760e+02
5.644952614307403564e+02
4.912762107849121094e+02
3.684571580886840820e+02
3.708190629482269287e+02
4.251428747177124023e+02
4.511238281726837158e+02
4.464000184535980225e+02
4.393143038749694824e+02
4.416762087345123291e+02
4.487619233131408691e+02
4.558476378917694092e+02
4.794666864871978760e+02
5.125333545207977295e+02
5.337904982566833496e+02
5.267047836780548096e+02
5.030857350826263428e+02
4.582095427513122559e+02
4.369523990154266357e+02
4.275047795772552490e+02
4.700190670490264893e+02
4.298666844367980957e+02
4.275047795772552490e+02
4.038857309818267822e+02
4.440381135940551758e+02
3.944381115436553955e+02
4.487619233131408691e+02
4.652952573299407959e+02
4.109714455604553223e+02
4.369523990154266357e+02
4.275047795772552490e+02
4.605714476108551025e+02
3.920762066841125488e+02
4.322285892963409424e+02
4.298666844367980957e+02
4.558476378917694092e+02
3.330285851955413818e+02
5.007238302230834961e+02
4.227809698581695557e+02
4.534857330322265625e+02
3.519238240718841553e+02
5.975619294643402100e+02
4.204190649986267090e+02
4.298666844367980957e+02
4.582095427513122559e+02
5.692190711498260498e+02
4.275047795772552490e+02
4.133333504199981689e+02
4.936381156444549561e+02
4.345904941558837891e+02
4.015238261222839355e+02
4.133333504199981689e+02
4.440381135940551758e+02
3.566476337909698486e+02
4.086095407009124756e+02
4.298666844367980957e+02
4.038857309818267822e+02
3.731809678077697754e+02
4.818285913467407227e+02
4.440381135940551758e+02
3.944381115436553955e+02
3.755428726673126221e+02
5.172571642398834229e+02
4.416762087345123291e+02
3.849904921054840088e+02
3.283047754764556885e+02
4.558476378917694092e+02
4.558476378917694092e+02
3.755428726673126221e+02
2.999619171619415283e+02
4.275047795772552490e+02
4.794666864871978760e+02
3.448381094932556152e+02
3.448381094932556152e+02
4.723809719085693359e+02
4.440381135940551758e+02
3.117714414596557617e+02
3.779047775268554688e+02
5.078095448017120361e+02
3.920762066841125488e+02
2.905142977237701416e+02
2.928762025833129883e+02
4.298666844367980957e+02
3.991619212627410889e+02
2.881523928642272949e+02
1.653333401679992676e+02
3.519238240718841553e+02
3.849904921054840088e+02
2.881523928642272949e+02
2.834285831451416016e+02
4.227809698581695557e+02
3.472000143527984619e+02
3.188571560382843018e+02
4.133333504199981689e+02
5.975619294643402100e+02
3.424762046337127686e+02
3.684571580886840820e+02
3.590095386505126953e+02
5.999238343238830566e+02
3.708190629482269287e+02
3.613714435100555420e+02
2.574476296901702881e+02
4.275047795772552490e+02
3.944381115436553955e+02
3.117714414596557617e+02
3.212190608978271484e+02
3.637333483695983887e+02
4.204190649986267090e+02
3.046857268810272217e+02
4.275047795772552490e+02
3.968000164031982422e+02
4.204190649986267090e+02
3.283047754764556885e+02
4.275047795772552490e+02
4.062476358413696289e+02
3.731809678077697754e+02
3.353904900550842285e+02
3.731809678077697754e+02
3.779047775268554688e+02
3.353904900550842285e+02
3.164952511787414551e+02
3.283047754764556885e+02
3.755428726673126221e+02
3.353904900550842285e+02
3.023238220214843750e+02
2.905142977237701416e+02
3.188571560382843018e+02
3.259428706169128418e+02
2.952381074428558350e+02
3.401142997741699219e+02
4.794666864871978760e+02
4.133333504199981689e+02
4.109714455604553223e+02
4.700190670490264893e+02
4.912762107849121094e+02
4.676571621894836426e+02
4.416762087345123291e+02
4.534857330322265625e+02
4.747428767681121826e+02
4.582095427513122559e+02
4.416762087345123291e+02
4.629333524703979492e+02
4.912762107849121094e+02
4.700190670490264893e+02
4.227809698581695557e+02
4.227809698581695557e+02
4.534857330322265625e+02
4.818285913467407227e+02
4.794666864871978760e+02
4.723809719085693359e+02
4.936381156444549561e+02
5.148952593803405762e+02
4.983619253635406494e+02
4.676571621894836426e+02
4.558476378917694092e+02
4.416762087345123291e+02
4.345904941558837891e+02
4.322285892963409424e+02
4.440381135940551758e+02
4.818285913467407227e+02
4.322285892963409424e+02
3.141333463191986084e+02
3.613714435100555420e+02
4.936381156444549561e+02
5.078095448017120361e+02
4.086095407009124756e+02
3.708190629482269287e+02
3.968000164031982422e+02
4.440381135940551758e+02
4.652952573299407959e+02
4.487619233131408691e+02
4.180571601390838623e+02
4.109714455604553223e+02
4.275047795772552490e+02
4.534857330322265625e+02
4.747428767681121826e+02
4.912762107849121094e+02
4.936381156444549561e+02
4.794666864871978760e+02
4.605714476108551025e+02
4.369523990154266357e+02
4.652952573299407959e+02
4.275047795772552490e+02
4.345904941558837891e+02
4.723809719085693359e+02
4.369523990154266357e+02
4.369523990154266357e+02
3.944381115436553955e+02
3.590095386505126953e+02
4.652952573299407959e+02
3.684571580886840820e+02
3.873523969650268555e+02
3.968000164031982422e+02
4.771047816276550293e+02
4.015238261222839355e+02
4.015238261222839355e+02
4.062476358413696289e+02
4.652952573299407959e+02
4.322285892963409424e+02
4.086095407009124756e+02
4.204190649986267090e+02
4.558476378917694092e+02
3.873523969650268555e+02
4.464000184535980225e+02
4.251428747177124023e+02
4.298666844367980957e+02
3.684571580886840820e+02
5.337904982566833496e+02
4.440381135940551758e+02
4.015238261222839355e+02
4.345904941558837891e+02
5.337904982566833496e+02
4.629333524703979492e+02
4.180571601390838623e+02
4.723809719085693359e+02
4.156952552795410156e+02
4.204190649986267090e+02
4.275047795772552490e+02
4.298666844367980957e+02
3.353904900550842285e+02
3.944381115436553955e+02
4.156952552795410156e+02
3.826285872459411621e+02
3.424762046337127686e+02
4.747428767681121826e+02
4.204190649986267090e+02
3.920762066841125488e+02
3.495619192123413086e+02
5.196190690994262695e+02
4.369523990154266357e+02
4.109714455604553223e+02
3.141333463191986084e+02
4.676571621894836426e+02
4.322285892963409424e+02
3.944381115436553955e+02
2.881523928642272949e+02
4.558476378917694092e+02
4.393143038749694824e+02
3.448381094932556152e+02
3.330285851955413818e+02
5.196190690994262695e+02
4.275047795772552490e+02
3.259428706169128418e+02
3.897143018245697021e+02
5.408762128353118896e+02
3.708190629482269287e+02
3.188571560382843018e+02
3.377523949146270752e+02
4.487619233131408691e+02
3.353904900550842285e+02
2.999619171619415283e+02
2.172952470779418945e+02
3.306666803359985352e+02
3.613714435100555420e+02
3.023238220214843750e+02
2.668952491283416748e+02
3.897143018245697021e+02
3.779047775268554688e+02
3.519238240718841553e+02
3.731809678077697754e+02
5.786666905879974365e+02
3.684571580886840820e+02
3.849904921054840088e+02
3.448381094932556152e+02
5.999238343238830566e+02
3.448381094932556152e+02
3.353904900550842285e+02
2.668952491283416748e+02
4.298666844367980957e+02
3.802666823863983154e+02
2.834285831451416016e+02
3.046857268810272217e+02
3.755428726673126221e+02
4.605714476108551025e+02
2.952381074428558350e+02
4.251428747177124023e+02
4.086095407009124756e+02
4.487619233131408691e+02
3.259428706169128418e+02
4.464000184535980225e+02
4.015238261222839355e+02
3.590095386505126953e+02
3.306666803359985352e+02
3.849904921054840088e+02
3.755428726673126221e+02
3.306666803359985352e+02
3.212190608978271484e+02
3.235809657573699951e+02
3.779047775268554688e+02
3.401142997741699219e+02
3.046857268810272217e+02
2.952381074428558350e+02
3.519238240718841553e+02
3.094095366001129150e+02
3.212190608978271484e+02
2.976000123023986816e+02
3.401142997741699219e+02
2.928762025833129883e+02
3.330285851955413818e+02
5.148952593803405762e+02
5.007238302230834961e+02
4.298666844367980957e+02
4.251428747177124023e+02
4.747428767681121826e+02
5.007238302230834961e+02
4.960000205039978027e+02
4.700190670490264893e+02
4.416762087345123291e+02
4.322285892963409424e+02
4.534857330322265625e+02
4.700190670490264893e+02
4.676571621894836426e+02
4.629333524703979492e+02
4.605714476108551025e+02
4.440381135940551758e+02
4.298666844367980957e+02
4.345904941558837891e+02
4.629333524703979492e+02
4.700190670490264893e+02
4.723809719085693359e+02
4.983619253635406494e+02
5.196190690994262695e+02
5.007238302230834961e+02
4.771047816276550293e+02
4.652952573299407959e+02
4.511238281726837158e+02
4.440381135940551758e+02
4.723809719085693359e+02
4.133333504199981689e+02
4.227809698581695557e+02
4.582095427513122559e+02
4.156952552795410156e+02
2.881523928642272949e+02
2.787047734260559082e+02
3.873523969650268555e+02
4.723809719085693359e+02
4.416762087345123291e+02
3.944381115436553955e+02
3.755428726673126221e+02
4.038857309818267822e+02
4.582095427513122559e+02
4.771047816276550293e+02
4.322285892963409424e+02
3.897143018245697021e+02
3.991619212627410889e+02
4.251428747177124023e+02
4.345904941558837891e+02
4.322285892963409424e+02
4.345904941558837891e+02
4.298666844367980957e+02
4.298666844367980957e+02
4.345904941558837891e+02
4.322285892963409424e+02
4.204190649986267090e+02
4.416762087345123291e+02
4.582095427513122559e+02
4.416762087345123291e+02
4.534857330322265625e+02
3.944381115436553955e+02
3.401142997741699219e+02
4.818285913467407227e+02
3.590095386505126953e+02
3.566476337909698486e+02
4.062476358413696289e+02
4.771047816276550293e+02
3.897143018245697021e+02
3.779047775268554688e+02
3.968000164031982422e+02
4.582095427513122559e+02
4.464000184535980225e+02
3.897143018245697021e+02
4.109714455604553223e+02
4.582095427513122559e+02
4.416762087345123291e+02
3.920762066841125488e+02
4.204190649986267090e+02
4.227809698581695557e+02
3.968000164031982422e+02
4.251428747177124023e+02
4.440381135940551758e+02
3.897143018245697021e+02
4.062476358413696289e+02
4.369523990154266357e+02
4.676571621894836426e+02
4.227809698581695557e+02
4.487619233131408691e+02
3.660952532291412354e+02
4.275047795772552490e+02
4.275047795772552490e+02
4.322285892963409424e+02
3.164952511787414551e+02
3.826285872459411621e+02
3.826285872459411621e+02
3.755428726673126221e+02
3.188571560382843018e+02
4.369523990154266357e+02
3.897143018245697021e+02
3.731809678077697754e+02
3.259428706169128418e+02
4.841904962062835693e+02
4.369523990154266357e+02
4.062476358413696289e+02
3.046857268810272217e+02
4.676571621894836426e+02
4.204190649986267090e+02
3.849904921054840088e+02
2.834285831451416016e+02
4.794666864871978760e+02
4.086095407009124756e+02
3.283047754764556885e+02
3.094095366001129150e+02
5.196190690994262695e+02
4.204190649986267090e+02
3.164952511787414551e+02
4.038857309818267822e+02
5.196190690994262695e+02
3.826285872459411621e+02
3.283047754764556885e+02
4.015238261222839355e+02
4.652952573299407959e+02
3.141333463191986084e+02
3.306666803359985352e+02
2.976000123023986816e+02
3.637333483695983887e+02
3.424762046337127686e+02
3.566476337909698486e+02
2.857904880046844482e+02
3.637333483695983887e+02
4.086095407009124756e+02
4.038857309818267822e+02
3.660952532291412354e+02
5.054476399421691895e+02
4.062476358413696289e+02
3.897143018245697021e+02
3.802666823863983154e+02
5.385143079757690430e+02
3.330285851955413818e+02
2.834285831451416016e+02
2.928762025833129883e+02
4.251428747177124023e+02
3.472000143527984619e+02
2.503619151115417480e+02
2.952381074428558350e+02
3.991619212627410889e+02
4.534857330322265625e+02
2.999619171619415283e+02
3.873523969650268555e+02
4.204190649986267090e+02
4.511238281726837158e+02
3.306666803359985352e+02
4.251428747177124023e+02
3.920762066841125488e+02
3.708190629482269287e+02
3.235809657573699951e+02
3.708190629482269287e+02
3.779047775268554688e+02
3.590095386505126953e+02
3.212190608978271484e+02
3.094095366001129150e+02
3.708190629482269287e+02
3.660952532291412354e+02
3.259428706169128418e+02
2.928762025833129883e+02
3.117714414596557617e+02
3.283047754764556885e+02
3.235809657573699951e+02
2.999619171619415283e+02
3.401142997741699219e+02
3.046857268810272217e+02
3.401142997741699219e+02
5.148952593803405762e+02
5.030857350826263428e+02
4.487619233131408691e+02
4.275047795772552490e+02
4.605714476108551025e+02
4.936381156444549561e+02
5.101714496612548828e+02
4.936381156444549561e+02
4.440381135940551758e+02
4.133333504199981689e+02
4.416762087345123291e+02
4.700190670490264893e+02
4.605714476108551025e+02
4.464000184535980225e+02
4.511238281726837158e+02
4.511238281726837158e+02
4.393143038749694824e+02
4.369523990154266357e+02
4.534857330322265625e+02
4.605714476108551025e+02
4.700190670490264893e+02
5.007238302230834961e+02
5.148952593803405762e+02
5.007238302230834961e+02
4.936381156444549561e+02
4.865524010658264160e+02
4.605714476108551025e+02
4.558476378917694092e+02
5.007238302230834961e+02
3.802666823863983154e+02
4.156952552795410156e+02
4.511238281726837158e+02
4.156952552795410156e+02
3.330285851955413818e+02
3.046857268810272217e+02
3.448381094932556152e+02
4.156952552795410156e+02
4.369523990154266357e+02
4.086095407009124756e+02
3.637333483695983887e+02
3.566476337909698486e+02
4.275047795772552490e+02
4.936381156444549561e+02
4.700190670490264893e+02
4.062476358413696289e+02
3.920762066841125488e+02
4.086095407009124756e+02
4.062476358413696289e+02
3.991619212627410889e+02
4.038857309818267822e+02
4.086095407009124756e+02
4.156952552795410156e+02
4.227809698581695557e+02
4.062476358413696289e+02
4.015238261222839355e+02
4.369523990154266357e+02
4.275047795772552490e+02
4.511238281726837158e+02
4.534857330322265625e+02
4.133333504199981689e+02
3.779047775268554688e+02
4.794666864871978760e+02
3.731809678077697754e+02
3.755428726673126221e+02
4.416762087345123291e+02
4.464000184535980225e+02
3.826285872459411621e+02
3.755428726673126221e+02
4.109714455604553223e+02
4.322285892963409424e+02
4.416762087345123291e+02
3.779047775268554688e+02
4.086095407009124756e+02
4.534857330322265625e+02
4.723809719085693359e+02
3.708190629482269287e+02
4.156952552795410156e+02
4.251428747177124023e+02
4.298666844367980957e+02
3.660952532291412354e+02
4.416762087345123291e+02
3.873523969650268555e+02
3.849904921054840088e+02
3.472000143527984619e+02
4.629333524703979492e+02
4.156952552795410156e+02
4.204190649986267090e+02
3.117714414596557617e+02
4.298666844367980957e+02
4.062476358413696289e+02
4.534857330322265625e+02
3.046857268810272217e+02
3.802666823863983154e+02
3.495619192123413086e+02
4.015238261222839355e+02
3.188571560382843018e+02
4.038857309818267822e+02
3.660952532291412354e+02
3.495619192123413086e+02
3.188571560382843018e+02
4.369523990154266357e+02
4.298666844367980957e+02
3.637333483695983887e+02
3.070476317405700684e+02
4.629333524703979492e+02
4.109714455604553223e+02
3.542857289314270020e+02
2.905142977237701416e+02
4.936381156444549561e+02
3.944381115436553955e+02
3.094095366001129150e+02
3.023238220214843750e+02
4.889143059253692627e+02
4.298666844367980957e+02
2.928762025833129883e+02
4.015238261222839355e+02
4.582095427513122559e+02
4.227809698581695557e+02
3.070476317405700684e+02
4.369523990154266357e+02
4.582095427513122559e+02
3.377523949146270752e+02
3.353904900550842285e+02
3.377523949146270752e+02
4.015238261222839355e+02
3.330285851955413818e+02
3.968000164031982422e+02
3.046857268810272217e+02
3.495619192123413086e+02
3.968000164031982422e+02
4.369523990154266357e+02
3.755428726673126221e+02
4.251428747177124023e+02
4.156952552795410156e+02
3.802666823863983154e+02
4.086095407009124756e+02
4.723809719085693359e+02
3.472000143527984619e+02
2.550857248306274414e+02
3.424762046337127686e+02
4.227809698581695557e+02
3.377523949146270752e+02
2.503619151115417480e+02
3.046857268810272217e+02
4.086095407009124756e+02
4.109714455604553223e+02
3.188571560382843018e+02
3.637333483695983887e+02
4.251428747177124023e+02
4.345904941558837891e+02
3.330285851955413818e+02
3.944381115436553955e+02
4.015238261222839355e+02
4.038857309818267822e+02
3.212190608978271484e+02
3.448381094932556152e+02
3.849904921054840088e+02
4.015238261222839355e+02
3.306666803359985352e+02
2.999619171619415283e+02
3.637333483695983887e+02
4.038857309818267822e+02
3.448381094932556152e+02
2.881523928642272949e+02
2.881523928642272949e+02
3.590095386505126953e+02
3.259428706169128418e+02
2.905142977237701416e+02
3.235809657573699951e+02
3.212190608978271484e+02
3.306666803359985352e+02
4.865524010658264160e+02
4.912762107849121094e+02
4.464000184535980225e+02
4.086095407009124756e+02
4.298666844367980957e+02
4.865524010658264160e+02
5.125333545207977295e+02
4.960000205039978027e+02
4.582095427513122559e+02
4.322285892963409424e+02
4.322285892963409424e+02
4.487619233131408691e+02
4.511238281726837158e+02
4.511238281726837158e+02
4.582095427513122559e+02
4.558476378917694092e+02
4.440381135940551758e+02
4.487619233131408691e+02
4.582095427513122559e+02
4.534857330322265625e+02
4.629333524703979492e+02
4.960000205039978027e+02
5.007238302230834961e+02
4.960000205039978027e+02
5.101714496612548828e+02
5.125333545207977295e+02
4.771047816276550293e+02
4.629333524703979492e+02
5.219809739589691162e+02
3.613714435100555420e+02
4.298666844367980957e+02
4.629333524703979492e+02
4.369523990154266357e+02
4.156952552795410156e+02
4.109714455604553223e+02
4.038857309818267822e+02
3.968000164031982422e+02
4.156952552795410156e+02
4.180571601390838623e+02
3.755428726673126221e+02
3.424762046337127686e+02
3.897143018245697021e+02
4.771047816276550293e+02
4.889143059253692627e+02
4.440381135940551758e+02
4.133333504199981689e+02
4.086095407009124756e+02
4.062476358413696289e+02
4.156952552795410156e+02
4.322285892963409424e+02
4.416762087345123291e+02
4.416762087345123291e+02
4.251428747177124023e+02
3.944381115436553955e+02
3.660952532291412354e+02
3.968000164031982422e+02
4.133333504199981689e+02
3.873523969650268555e+02
4.558476378917694092e+02
4.416762087345123291e+02
4.416762087345123291e+02
4.393143038749694824e+02
4.605714476108551025e+02
4.062476358413696289e+02
4.062476358413696289e+02
4.771047816276550293e+02
4.109714455604553223e+02
3.944381115436553955e+02
3.755428726673126221e+02
4.345904941558837891e+02
4.038857309818267822e+02
4.275047795772552490e+02
3.826285872459411621e+02
4.180571601390838623e+02
4.464000184535980225e+02
4.841904962062835693e+02
3.826285872459411621e+02
4.204190649986267090e+02
4.251428747177124023e+02
4.605714476108551025e+02
3.613714435100555420e+02
4.487619233131408691e+02
3.826285872459411621e+02
3.660952532291412354e+02
3.070476317405700684e+02
4.605714476108551025e+02
3.897143018245697021e+02
3.873523969650268555e+02
2.881523928642272949e+02
4.369523990154266357e+02
3.755428726673126221e+02
4.700190670490264893e+02
3.117714414596557617e+02
4.015238261222839355e+02
3.353904900550842285e+02
4.275047795772552490e+02
3.330285851955413818e+02
3.991619212627410889e+02
3.613714435100555420e+02
3.259428706169128418e+02
3.377523949146270752e+02
4.227809698581695557e+02
4.086095407009124756e+02
3.164952511787414551e+02
3.212190608978271484e+02
4.676571621894836426e+02
3.755428726673126221e+02
3.283047754764556885e+02
2.905142977237701416e+02
4.936381156444549561e+02
3.684571580886840820e+02
3.046857268810272217e+02
2.999619171619415283e+02
4.487619233131408691e+02
4.369523990154266357e+02
2.787047734260559082e+02
3.731809678077697754e+02
4.038857309818267822e+02
4.605714476108551025e+02
2.692571539878845215e+02
3.944381115436553955e+02
4.251428747177124023e+02
3.660952532291412354e+02
3.023238220214843750e+02
3.259428706169128418e+02
3.991619212627410889e+02
3.306666803359985352e+02
3.731809678077697754e+02
3.046857268810272217e+02
3.424762046337127686e+02
3.660952532291412354e+02
4.204190649986267090e+02
3.779047775268554688e+02
3.849904921054840088e+02
3.968000164031982422e+02
3.755428726673126221e+02
4.133333504199981689e+02
4.440381135940551758e+02
3.731809678077697754e+02
2.976000123023986816e+02
3.519238240718841553e+02
4.156952552795410156e+02
3.566476337909698486e+02
3.046857268810272217e+02
3.212190608978271484e+02
3.944381115436553955e+02
3.802666823863983154e+02
3.306666803359985352e+02
3.731809678077697754e+02
4.180571601390838623e+02
4.133333504199981689e+02
3.212190608978271484e+02
3.755428726673126221e+02
4.251428747177124023e+02
4.298666844367980957e+02
3.094095366001129150e+02
3.235809657573699951e+02
3.920762066841125488e+02
4.440381135940551758e+02
3.283047754764556885e+02
2.999619171619415283e+02
3.424762046337127686e+02
4.298666844367980957e+02
3.424762046337127686e+02
2.857904880046844482e+02
2.928762025833129883e+02
3.779047775268554688e+02
3.212190608978271484e+02
2.787047734260559082e+02
3.566476337909698486e+02
2.999619171619415283e+02
3.283047754764556885e+02
3.070476317405700684e+02
4.582095427513122559e+02
4.723809719085693359e+02
4.322285892963409424e+02
3.802666823863983154e+02
4.062476358413696289e+02
4.841904962062835693e+02
5.054476399421691895e+02
4.889143059253692627e+02
4.794666864871978760e+02
4.700190670490264893e+02
4.416762087345123291e+02
4.322285892963409424e+02
4.534857330322265625e+02
4.747428767681121826e+02
4.723809719085693359e+02
4.534857330322265625e+02
4.416762087345123291e+02
4.629333524703979492e+02
4.676571621894836426e+02
4.487619233131408691e+02
4.558476378917694092e+02
4.912762107849121094e+02
4.912762107849121094e+02
4.841904962062835693e+02
5.078095448017120361e+02
5.219809739589691162e+02
4.983619253635406494e+02
4.865524010658264160e+02
5.219809739589691162e+02
4.511238281726837158e+02
4.865524010658264160e+02
4.629333524703979492e+02
4.747428767681121826e+02
5.030857350826263428e+02
4.771047816276550293e+02
4.180571601390838623e+02
4.038857309818267822e+02
4.156952552795410156e+02
4.015238261222839355e+02
3.731809678077697754e+02
3.849904921054840088e+02
4.440381135940551758e+02
4.794666864871978760e+02
4.747428767681121826e+02
4.464000184535980225e+02
4.275047795772552490e+02
4.298666844367980957e+02
4.558476378917694092e+02
4.818285913467407227e+02
4.936381156444549561e+02
4.841904962062835693e+02
3.873523969650268555e+02
3.330285851955413818e+02
3.873523969650268555e+02
3.920762066841125488e+02
3.637333483695983887e+02
4.558476378917694092e+02
4.393143038749694824e+02
4.629333524703979492e+02
4.841904962062835693e+02
4.534857330322265625e+02
4.440381135940551758e+02
4.204190649986267090e+02
4.841904962062835693e+02
3.873523969650268555e+02
4.204190649986267090e+02
3.779047775268554688e+02
4.558476378917694092e+02
3.779047775268554688e+02
4.251428747177124023e+02
4.038857309818267822e+02
4.298666844367980957e+02
4.251428747177124023e+02
4.747428767681121826e+02
4.156952552795410156e+02
4.298666844367980957e+02
4.015238261222839355e+02
4.676571621894836426e+02
3.826285872459411621e+02
4.511238281726837158e+02
3.424762046337127686e+02
3.660952532291412354e+02
3.070476317405700684e+02
4.558476378917694092e+02
3.424762046337127686e+02
3.708190629482269287e+02
3.023238220214843750e+02
4.487619233131408691e+02
3.472000143527984619e+02
4.629333524703979492e+02
3.259428706169128418e+02
4.345904941558837891e+02
3.448381094932556152e+02
4.393143038749694824e+02
3.542857289314270020e+02
4.275047795772552490e+02
3.590095386505126953e+02
3.259428706169128418e+02
3.613714435100555420e+02
4.416762087345123291e+02
3.590095386505126953e+02
3.046857268810272217e+02
3.353904900550842285e+02
4.889143059253692627e+02
3.141333463191986084e+02
3.306666803359985352e+02
2.810666782855987549e+02
4.865524010658264160e+02
3.235809657573699951e+02
3.306666803359985352e+02
2.905142977237701416e+02
4.156952552795410156e+02
4.204190649986267090e+02
2.881523928642272949e+02
3.353904900550842285e+02
3.684571580886840820e+02
4.558476378917694092e+02
2.480000102519989014e+02
3.330285851955413818e+02
3.826285872459411621e+02
3.826285872459411621e+02
2.598095345497131348e+02
2.857904880046844482e+02
3.637333483695983887e+02
3.377523949146270752e+02
3.212190608978271484e+02
3.023238220214843750e+02
3.259428706169128418e+02
3.495619192123413086e+02
3.849904921054840088e+02
3.849904921054840088e+02
3.802666823863983154e+02
3.802666823863983154e+02
3.944381115436553955e+02
4.086095407009124756e+02
4.393143038749694824e+02
3.944381115436553955e+02
3.802666823863983154e+02
3.519238240718841553e+02
4.015238261222839355e+02
3.944381115436553955e+02
3.637333483695983887e+02
3.472000143527984619e+02
3.542857289314270020e+02
3.849904921054840088e+02
3.330285851955413818e+02
3.873523969650268555e+02
3.897143018245697021e+02
3.944381115436553955e+02
3.094095366001129150e+02
3.613714435100555420e+02
4.345904941558837891e+02
4.322285892963409424e+02
2.976000123023986816e+02
3.046857268810272217e+02
3.779047775268554688e+02
4.582095427513122559e+02
3.094095366001129150e+02
2.952381074428558350e+02
3.023238220214843750e+02
4.298666844367980957e+02
3.212190608978271484e+02
2.834285831451416016e+02
3.094095366001129150e+02
3.849904921054840088e+02
3.023238220214843750e+02
2.645333442687988281e+02
3.637333483695983887e+02
2.763428685665130615e+02
3.141333463191986084e+02
2.739809637069702148e+02
4.582095427513122559e+02
4.652952573299407959e+02
4.298666844367980957e+02
3.802666823863983154e+02
4.086095407009124756e+02
4.889143059253692627e+02
5.007238302230834961e+02
4.794666864871978760e+02
4.983619253635406494e+02
5.078095448017120361e+02
4.676571621894836426e+02
4.440381135940551758e+02
4.652952573299407959e+02
4.865524010658264160e+02
4.723809719085693359e+02
4.511238281726837158e+02
4.416762087345123291e+02
4.605714476108551025e+02
4.700190670490264893e+02
4.511238281726837158e+02
4.558476378917694092e+02
4.865524010658264160e+02
4.865524010658264160e+02
4.676571621894836426e+02
4.936381156444549561e+02
5.267047836780548096e+02
5.267047836780548096e+02
5.125333545207977295e+02
5.078095448017120361e+02
4.652952573299407959e+02
4.983619253635406494e+02
4.818285913467407227e+02
4.912762107849121094e+02
5.219809739589691162e+02
5.007238302230834961e+02
4.345904941558837891e+02
4.086095407009124756e+02
4.227809698581695557e+02
4.322285892963409424e+02
4.180571601390838623e+02
4.015238261222839355e+02
4.180571601390838623e+02
4.534857330322265625e+02
4.747428767681121826e+02
4.652952573299407959e+02
4.582095427513122559e+02
4.700190670490264893e+02
4.936381156444549561e+02
4.983619253635406494e+02
4.983619253635406494e+02
4.912762107849121094e+02
4.038857309818267822e+02
3.424762046337127686e+02
4.038857309818267822e+02
3.826285872459411621e+02
3.731809678077697754e+02
4.369523990154266357e+02
4.322285892963409424e+02
4.487619233131408691e+02
4.511238281726837158e+02
4.534857330322265625e+02
4.062476358413696289e+02
4.652952573299407959e+02
3.897143018245697021e+02
4.393143038749694824e+02
3.826285872459411621e+02
4.676571621894836426e+02
3.849904921054840088e+02
4.298666844367980957e+02
4.156952552795410156e+02
4.487619233131408691e+02
4.251428747177124023e+02
4.534857330322265625e+02
4.298666844367980957e+02
4.369523990154266357e+02
3.849904921054840088e+02
4.487619233131408691e+02
3.968000164031982422e+02
4.369523990154266357e+02
3.023238220214843750e+02
3.849904921054840088e+02
3.401142997741699219e+02
4.416762087345123291e+02
3.070476317405700684e+02
3.660952532291412354e+02
3.377523949146270752e+02
4.534857330322265625e+02
3.424762046337127686e+02
4.298666844367980957e+02
3.353904900550842285e+02
4.629333524703979492e+02
3.495619192123413086e+02
4.251428747177124023e+02
3.542857289314270020e+02
4.652952573299407959e+02
3.353904900550842285e+02
3.542857289314270020e+02
3.731809678077697754e+02
4.747428767681121826e+02
3.070476317405700684e+02
3.353904900550842285e+02
3.401142997741699219e+02
4.983619253635406494e+02
2.810666782855987549e+02
3.684571580886840820e+02
2.716190588474273682e+02
4.700190670490264893e+02
3.070476317405700684e+02
3.731809678077697754e+02
2.739809637069702148e+02
3.968000164031982422e+02
3.755428726673126221e+02
3.188571560382843018e+02
3.117714414596557617e+02
3.590095386505126953e+02
4.109714455604553223e+02
2.598095345497131348e+02
2.952381074428558350e+02
3.448381094932556152e+02
3.802666823863983154e+02
2.503619151115417480e+02
2.739809637069702148e+02
3.141333463191986084e+02
3.566476337909698486e+02
2.834285831451416016e+02
3.283047754764556885e+02
3.046857268810272217e+02
3.755428726673126221e+02
3.519238240718841553e+02
4.086095407009124756e+02
3.731809678077697754e+02
3.991619212627410889e+02
4.133333504199981689e+02
4.062476358413696289e+02
4.298666844367980957e+02
4.180571601390838623e+02
4.393143038749694824e+02
3.472000143527984619e+02
3.873523969650268555e+02
4.227809698581695557e+02
3.802666823863983154e+02
3.401142997741699219e+02
3.235809657573699951e+02
4.015238261222839355e+02
3.188571560382843018e+02
3.613714435100555420e+02
3.472000143527984619e+02
3.779047775268554688e+02
3.117714414596557617e+02
3.283047754764556885e+02
4.038857309818267822e+02
4.015238261222839355e+02
3.070476317405700684e+02
2.881523928642272949e+02
3.448381094932556152e+02
4.322285892963409424e+02
2.952381074428558350e+02
2.999619171619415283e+02
2.645333442687988281e+02
4.038857309818267822e+02
2.952381074428558350e+02
2.928762025833129883e+02
3.235809657573699951e+02
3.660952532291412354e+02
2.857904880046844482e+02
2.668952491283416748e+02
3.637333483695983887e+02
2.692571539878845215e+02
2.621714394092559814e+02
4.700190670490264893e+02
4.393143038749694824e+02
4.086095407009124756e+02
4.322285892963409424e+02
4.983619253635406494e+02
4.983619253635406494e+02
4.818285913467407227e+02
5.101714496612548828e+02
5.290666885375976562e+02
4.912762107849121094e+02
4.629333524703979492e+02
4.700190670490264893e+02
4.747428767681121826e+02
4.605714476108551025e+02
4.558476378917694092e+02
4.487619233131408691e+02
4.534857330322265625e+02
4.629333524703979492e+02
4.629333524703979492e+02
4.652952573299407959e+02
4.818285913467407227e+02
4.818285913467407227e+02
4.700190670490264893e+02
4.912762107849121094e+02
5.408762128353118896e+02
5.597714517116546631e+02
5.385143079757690430e+02
4.605714476108551025e+02
4.865524010658264160e+02
4.818285913467407227e+02
4.818285913467407227e+02
4.865524010658264160e+02
4.629333524703979492e+02
4.322285892963409424e+02
4.251428747177124023e+02
4.369523990154266357e+02
4.487619233131408691e+02
4.393143038749694824e+02
4.133333504199981689e+02
4.086095407009124756e+02
4.345904941558837891e+02
4.558476378917694092e+02
4.676571621894836426e+02
4.889143059253692627e+02
5.148952593803405762e+02
5.078095448017120361e+02
4.794666864871978760e+02
4.629333524703979492e+02
4.582095427513122559e+02
3.920762066841125488e+02
4.298666844367980957e+02
3.944381115436553955e+02
4.062476358413696289e+02
4.109714455604553223e+02
4.251428747177124023e+02
4.156952552795410156e+02
4.275047795772552490e+02
4.369523990154266357e+02
3.849904921054840088e+02
3.897143018245697021e+02
4.487619233131408691e+02
3.779047775268554688e+02
4.723809719085693359e+02
4.109714455604553223e+02
4.345904941558837891e+02
3.968000164031982422e+02
4.582095427513122559e+02
4.487619233131408691e+02
4.345904941558837891e+02
3.991619212627410889e+02
4.322285892963409424e+02
3.944381115436553955e+02
4.345904941558837891e+02
3.826285872459411621e+02
4.204190649986267090e+02
3.046857268810272217e+02
4.038857309818267822e+02
3.637333483695983887e+02
4.298666844367980957e+02
3.094095366001129150e+02
3.731809678077697754e+02
3.519238240718841553e+02
4.582095427513122559e+02
3.542857289314270020e+02
3.802666823863983154e+02
3.259428706169128418e+02
4.747428767681121826e+02
3.306666803359985352e+02
3.920762066841125488e+02
3.283047754764556885e+02
4.794666864871978760e+02
2.834285831451416016e+02
3.826285872459411621e+02
3.660952532291412354e+02
4.865524010658264160e+02
2.810666782855987549e+02
3.873523969650268555e+02
3.448381094932556152e+02
4.818285913467407227e+02
3.235809657573699951e+02
4.086095407009124756e+02
2.787047734260559082e+02
4.369523990154266357e+02
3.448381094932556152e+02
3.897143018245697021e+02
2.692571539878845215e+02
3.897143018245697021e+02
3.613714435100555420e+02
3.353904900550842285e+02
2.952381074428558350e+02
3.731809678077697754e+02
3.826285872459411621e+02
2.952381074428558350e+02
2.810666782855987549e+02
3.377523949146270752e+02
3.826285872459411621e+02
2.857904880046844482e+02
2.952381074428558350e+02
2.857904880046844482e+02
3.849904921054840088e+02
2.857904880046844482e+02
3.708190629482269287e+02
2.810666782855987549e+02
4.133333504199981689e+02
3.401142997741699219e+02
4.275047795772552490e+02
3.519238240718841553e+02
4.369523990154266357e+02
4.204190649986267090e+02
4.038857309818267822e+02
4.086095407009124756e+02
4.393143038749694824e+02
4.345904941558837891e+02
3.330285851955413818e+02
3.826285872459411621e+02
4.369523990154266357e+02
3.590095386505126953e+02
3.023238220214843750e+02
3.212190608978271484e+02
4.086095407009124756e+02
3.094095366001129150e+02
3.094095366001129150e+02
3.188571560382843018e+02
3.590095386505126953e+02
3.212190608978271484e+02
2.999619171619415283e+02
3.590095386505126953e+02
3.684571580886840820e+02
3.188571560382843018e+02
2.881523928642272949e+02
3.188571560382843018e+02
3.968000164031982422e+02
2.928762025833129883e+02
3.094095366001129150e+02
2.503619151115417480e+02
3.708190629482269287e+02
2.857904880046844482e+02
3.046857268810272217e+02
3.424762046337127686e+02
2.810666782855987549e+02
2.834285831451416016e+02
3.590095386505126953e+02
2.834285831451416016e+02
4.747428767681121826e+02
4.534857330322265625e+02
4.369523990154266357e+02
4.487619233131408691e+02
4.865524010658264160e+02
4.889143059253692627e+02
4.865524010658264160e+02
5.101714496612548828e+02
5.267047836780548096e+02
4.983619253635406494e+02
4.629333524703979492e+02
4.558476378917694092e+02
4.511238281726837158e+02
4.558476378917694092e+02
4.723809719085693359e+02
4.676571621894836426e+02
4.464000184535980225e+02
4.605714476108551025e+02
4.818285913467407227e+02
4.794666864871978760e+02
4.771047816276550293e+02
4.818285913467407227e+02
4.889143059253692627e+02
5.101714496612548828e+02
5.597714517116546631e+02
5.833905003070831299e+02
5.408762128353118896e+02
4.629333524703979492e+02
4.652952573299407959e+02
4.629333524703979492e+02
4.440381135940551758e+02
4.133333504199981689e+02
4.156952552795410156e+02
4.487619233131408691e+02
4.629333524703979492e+02
4.534857330322265625e+02
4.275047795772552490e+02
4.109714455604553223e+02
4.109714455604553223e+02
4.227809698581695557e+02
4.275047795772552490e+02
4.534857330322265625e+02
5.007238302230834961e+02
5.314285933971405029e+02
5.030857350826263428e+02
4.558476378917694092e+02
4.275047795772552490e+02
4.322285892963409424e+02
4.605714476108551025e+02
4.086095407009124756e+02
4.464000184535980225e+02
3.944381115436553955e+02
4.109714455604553223e+02
3.849904921054840088e+02
3.849904921054840088e+02
4.156952552795410156e+02
3.755428726673126221e+02
3.849904921054840088e+02
4.393143038749694824e+02
3.755428726673126221e+02
4.700190670490264893e+02
4.322285892963409424e+02
4.369523990154266357e+02
3.566476337909698486e+02
4.582095427513122559e+02
4.676571621894836426e+02
4.322285892963409424e+02
3.377523949146270752e+02
4.227809698581695557e+02
4.298666844367980957e+02
4.393143038749694824e+02
3.495619192123413086e+02
4.038857309818267822e+02
3.566476337909698486e+02
4.251428747177124023e+02
3.613714435100555420e+02
4.227809698581695557e+02
3.519238240718841553e+02
3.779047775268554688e+02
3.448381094932556152e+02
4.487619233131408691e+02
3.708190629482269287e+02
3.424762046337127686e+02
3.046857268810272217e+02
4.605714476108551025e+02
3.023238220214843750e+02
3.519238240718841553e+02
2.999619171619415283e+02
4.676571621894836426e+02
2.385523908138275146e+02
3.873523969650268555e+02
3.495619192123413086e+02
4.747428767681121826e+02
3.306666803359985352e+02
4.180571601390838623e+02
3.566476337909698486e+02
4.416762087345123291e+02
4.534857330322265625e+02
4.204190649986267090e+02
3.141333463191986084e+02
3.944381115436553955e+02
4.275047795772552490e+02
3.708190629482269287e+02
2.905142977237701416e+02
3.849904921054840088e+02
3.897143018245697021e+02
3.330285851955413818e+02
2.810666782855987549e+02
4.062476358413696289e+02
4.015238261222839355e+02
3.306666803359985352e+02
2.716190588474273682e+02
3.684571580886840820e+02
4.015238261222839355e+02
3.283047754764556885e+02
3.070476317405700684e+02
2.976000123023986816e+02
4.062476358413696289e+02
3.023238220214843750e+02
3.802666823863983154e+02
2.739809637069702148e+02
4.464000184535980225e+02
3.306666803359985352e+02
4.133333504199981689e+02
3.259428706169128418e+02
4.723809719085693359e+02
4.062476358413696289e+02
3.897143018245697021e+02
3.849904921054840088e+02
4.487619233131408691e+02
4.062476358413696289e+02
3.188571560382843018e+02
3.849904921054840088e+02
4.322285892963409424e+02
3.424762046337127686e+02
2.621714394092559814e+02
3.448381094932556152e+02
4.086095407009124756e+02
3.188571560382843018e+02
2.550857248306274414e+02
3.212190608978271484e+02
3.566476337909698486e+02
3.330285851955413818e+02
2.763428685665130615e+02
3.330285851955413818e+02
3.637333483695983887e+02
3.212190608978271484e+02
2.905142977237701416e+02
3.117714414596557617e+02
3.826285872459411621e+02
2.976000123023986816e+02
3.070476317405700684e+02
2.787047734260559082e+02
3.495619192123413086e+02
2.857904880046844482e+02
3.164952511787414551e+02
3.235809657573699951e+02
2.905142977237701416e+02
3.117714414596557617e+02
3.590095386505126953e+02
3.117714414596557617e+02
4.747428767681121826e+02
4.629333524703979492e+02
4.464000184535980225e+02
4.440381135940551758e+02
4.558476378917694092e+02
4.747428767681121826e+02
4.889143059253692627e+02
5.007238302230834961e+02
5.125333545207977295e+02
4.889143059253692627e+02
4.440381135940551758e+02
4.251428747177124023e+02
4.322285892963409424e+02
4.582095427513122559e+02
4.936381156444549561e+02
4.936381156444549561e+02
4.582095427513122559e+02
4.652952573299407959e+02
5.030857350826263428e+02
4.960000205039978027e+02
4.700190670490264893e+02
4.794666864871978760e+02
5.101714496612548828e+02
5.337904982566833496e+02
5.715809760093688965e+02
5.786666905879974365e+02
5.243428788185119629e+02
4.393143038749694824e+02
4.345904941558837891e+02
4.416762087345123291e+02
4.322285892963409424e+02
4.015238261222839355e+02
4.109714455604553223e+02
4.605714476108551025e+02
4.818285913467407227e+02
4.440381135940551758e+02
4.038857309818267822e+02
4.062476358413696289e+02
4.204190649986267090e+02
4.015238261222839355e+02
3.826285872459411621e+02
4.227809698581695557e+02
4.841904962062835693e+02
5.030857350826263428e+02
4.818285913467407227e+02
4.605714476108551025e+02
4.369523990154266357e+02
4.298666844367980957e+02
4.227809698581695557e+02
4.723809719085693359e+02
3.968000164031982422e+02
3.968000164031982422e+02
3.684571580886840820e+02
3.472000143527984619e+02
3.897143018245697021e+02
3.802666823863983154e+02
4.156952552795410156e+02
3.731809678077697754e+02
4.558476378917694092e+02
4.298666844367980957e+02
4.275047795772552490e+02
3.259428706169128418e+02
4.534857330322265625e+02
4.487619233131408691e+02
4.416762087345123291e+02
2.952381074428558350e+02
4.204190649986267090e+02
4.416762087345123291e+02
4.652952573299407959e+02
3.283047754764556885e+02
4.086095407009124756e+02
4.133333504199981689e+02
4.440381135940551758e+02
3.424762046337127686e+02
4.251428747177124023e+02
3.991619212627410889e+02
3.802666823863983154e+02
3.164952511787414551e+02
4.322285892963409424e+02
3.708190629482269287e+02
3.259428706169128418e+02
2.857904880046844482e+02
4.298666844367980957e+02
2.905142977237701416e+02
3.353904900550842285e+02
2.905142977237701416e+02
4.393143038749694824e+02
2.716190588474273682e+02
3.779047775268554688e+02
3.401142997741699219e+02
4.464000184535980225e+02
4.251428747177124023e+02
4.062476358413696289e+02
3.708190629482269287e+02
4.086095407009124756e+02
5.385143079757690430e+02
3.897143018245697021e+02
3.566476337909698486e+02
3.613714435100555420e+02
4.889143059253692627e+02
3.472000143527984619e+02
3.188571560382843018e+02
3.755428726673126221e+02
4.227809698581695557e+02
3.353904900550842285e+02
2.928762025833129883e+02
4.345904941558837891e+02
4.345904941558837891e+02
3.542857289314270020e+02
2.739809637069702148e+02
4.204190649986267090e+02
4.204190649986267090e+02
3.448381094932556152e+02
2.881523928642272949e+02
3.448381094932556152e+02
4.062476358413696289e+02
3.117714414596557617e+02
3.306666803359985352e+02
2.999619171619415283e+02
4.487619233131408691e+02
3.306666803359985352e+02
3.590095386505126953e+02
3.259428706169128418e+02
4.818285913467407227e+02
3.802666823863983154e+02
3.660952532291412354e+02
3.779047775268554688e+02
4.416762087345123291e+02
3.755428726673126221e+02
2.999619171619415283e+02
3.849904921054840088e+02
4.156952552795410156e+02
3.566476337909698486e+02
2.361904859542846680e+02
3.684571580886840820e+02
4.109714455604553223e+02
3.542857289314270020e+02
2.338285810947418213e+02
3.495619192123413086e+02
3.779047775268554688e+02
3.401142997741699219e+02
2.763428685665130615e+02
3.377523949146270752e+02
3.873523969650268555e+02
3.117714414596557617e+02
2.905142977237701416e+02
3.235809657573699951e+02
3.968000164031982422e+02
3.023238220214843750e+02
2.905142977237701416e+02
3.212190608978271484e+02
3.637333483695983887e+02
2.928762025833129883e+02
3.164952511787414551e+02
3.283047754764556885e+02
2.952381074428558350e+02
3.259428706169128418e+02
4.747428767681121826e+02
4.464000184535980225e+02
4.156952552795410156e+02
4.109714455604553223e+02
4.511238281726837158e+02
4.865524010658264160e+02
4.960000205039978027e+02
5.030857350826263428e+02
4.889143059253692627e+02
4.322285892963409424e+02
3.968000164031982422e+02
4.227809698581695557e+02
4.605714476108551025e+02
5.030857350826263428e+02
5.078095448017120361e+02
4.723809719085693359e+02
4.794666864871978760e+02
5.172571642398834229e+02
5.007238302230834961e+02
4.605714476108551025e+02
4.794666864871978760e+02
5.243428788185119629e+02
5.408762128353118896e+02
5.526857371330261230e+02
5.479619274139404297e+02
4.038857309818267822e+02
4.156952552795410156e+02
4.416762087345123291e+02
4.298666844367980957e+02
4.180571601390838623e+02
4.534857330322265625e+02
4.794666864871978760e+02
4.393143038749694824e+02
3.991619212627410889e+02
4.204190649986267090e+02
4.393143038749694824e+02
3.897143018245697021e+02
3.519238240718841553e+02
3.991619212627410889e+02
4.487619233131408691e+02
4.511238281726837158e+02
4.582095427513122559e+02
4.700190670490264893e+02
4.251428747177124023e+02
4.676571621894836426e+02
4.062476358413696289e+02
3.731809678077697754e+02
3.660952532291412354e+02
3.401142997741699219e+02
3.731809678077697754e+02
3.944381115436553955e+02
3.873523969650268555e+02
3.802666823863983154e+02
4.133333504199981689e+02
4.015238261222839355e+02
3.259428706169128418e+02
4.440381135940551758e+02
3.968000164031982422e+02
4.487619233131408691e+02
3.046857268810272217e+02
4.227809698581695557e+02
4.109714455604553223e+02
4.794666864871978760e+02
3.353904900550842285e+02
4.204190649986267090e+02
4.416762087345123291e+02
4.345904941558837891e+02
3.259428706169128418e+02
4.251428747177124023e+02
4.204190649986267090e+02
3.779047775268554688e+02
2.881523928642272949e+02
4.109714455604553223e+02
3.495619192123413086e+02
3.519238240718841553e+02
2.834285831451416016e+02
3.968000164031982422e+02
2.976000123023986816e+02
3.613714435100555420e+02
3.046857268810272217e+02
4.109714455604553223e+02
3.472000143527984619e+02
3.708190629482269287e+02
3.401142997741699219e+02
4.251428747177124023e+02
4.960000205039978027e+02
3.802666823863983154e+02
3.731809678077697754e+02
4.015238261222839355e+02
5.408762128353118896e+02
3.613714435100555420e+02
3.660952532291412354e+02
3.472000143527984619e+02
4.818285913467407227e+02
3.424762046337127686e+02
3.283047754764556885e+02
3.590095386505126953e+02
4.345904941558837891e+02
3.542857289314270020e+02
3.188571560382843018e+02
4.369523990154266357e+02
4.440381135940551758e+02
3.708190629482269287e+02
3.023238220214843750e+02
4.558476378917694092e+02
4.156952552795410156e+02
3.448381094932556152e+02
2.550857248306274414e+02
3.944381115436553955e+02
3.849904921054840088e+02
3.259428706169128418e+02
2.550857248306274414e+02
3.472000143527984619e+02
4.345904941558837891e+02
3.401142997741699219e+02
2.976000123023986816e+02
3.590095386505126953e+02
4.676571621894836426e+02
3.542857289314270020e+02
3.519238240718841553e+02
3.849904921054840088e+02
4.227809698581695557e+02
3.566476337909698486e+02
2.928762025833129883e+02
3.755428726673126221e+02
4.015238261222839355e+02
3.802666823863983154e+02
2.338285810947418213e+02
3.708190629482269287e+02
4.298666844367980957e+02
3.944381115436553955e+02
2.503619151115417480e+02
3.660952532291412354e+02
4.204190649986267090e+02
3.472000143527984619e+02
3.023238220214843750e+02
3.424762046337127686e+02
4.086095407009124756e+02
3.070476317405700684e+02
2.810666782855987549e+02
3.353904900550842285e+02
4.109714455604553223e+02
3.046857268810272217e+02
2.668952491283416748e+02
3.968000164031982422e+02
2.881523928642272949e+02
3.070476317405700684e+02
3.590095386505126953e+02
2.739809637069702148e+02
4.841904962062835693e+02
4.440381135940551758e+02
3.849904921054840088e+02
3.637333483695983887e+02
4.251428747177124023e+02
4.841904962062835693e+02
4.912762107849121094e+02
5.007238302230834961e+02
4.983619253635406494e+02
4.464000184535980225e+02
3.968000164031982422e+02
4.156952552795410156e+02
4.534857330322265625e+02
4.912762107849121094e+02
5.030857350826263428e+02
4.865524010658264160e+02
4.936381156444549561e+02
5.196190690994262695e+02
5.030857350826263428e+02
4.605714476108551025e+02
4.794666864871978760e+02
5.243428788185119629e+02
5.337904982566833496e+02
5.148952593803405762e+02
5.030857350826263428e+02
3.944381115436553955e+02
4.558476378917694092e+02
4.676571621894836426e+02
4.322285892963409424e+02
4.393143038749694824e+02
4.676571621894836426e+02
4.440381135940551758e+02
4.180571601390838623e+02
4.511238281726837158e+02
4.700190670490264893e+02
3.968000164031982422e+02
3.566476337909698486e+02
4.062476358413696289e+02
4.345904941558837891e+02
4.156952552795410156e+02
4.345904941558837891e+02
4.180571601390838623e+02
4.227809698581695557e+02
4.109714455604553223e+02
3.590095386505126953e+02
3.802666823863983154e+02
3.660952532291412354e+02
3.731809678077697754e+02
4.156952552795410156e+02
3.590095386505126953e+02
3.968000164031982422e+02
3.590095386505126953e+02
3.660952532291412354e+02
3.566476337909698486e+02
4.464000184535980225e+02
3.613714435100555420e+02
4.180571601390838623e+02
3.779047775268554688e+02
4.676571621894836426e+02
3.684571580886840820e+02
4.275047795772552490e+02
4.369523990154266357e+02
4.086095407009124756e+02
3.212190608978271484e+02
4.227809698581695557e+02
4.133333504199981689e+02
3.755428726673126221e+02
2.739809637069702148e+02
3.920762066841125488e+02
3.117714414596557617e+02
3.968000164031982422e+02
2.952381074428558350e+02
3.779047775268554688e+02
3.046857268810272217e+02
3.968000164031982422e+02
3.330285851955413818e+02
3.897143018245697021e+02
4.227809698581695557e+02
3.731809678077697754e+02
3.590095386505126953e+02
4.038857309818267822e+02
5.030857350826263428e+02
3.684571580886840820e+02
3.779047775268554688e+02
4.038857309818267822e+02
4.629333524703979492e+02
3.637333483695983887e+02
3.472000143527984619e+02
3.637333483695983887e+02
4.204190649986267090e+02
3.637333483695983887e+02
3.188571560382843018e+02
3.542857289314270020e+02
4.204190649986267090e+02
3.779047775268554688e+02
3.542857289314270020e+02
4.086095407009124756e+02
4.322285892963409424e+02
3.708190629482269287e+02
3.779047775268554688e+02
4.534857330322265625e+02
3.920762066841125488e+02
3.448381094932556152e+02
2.550857248306274414e+02
4.275047795772552490e+02
3.590095386505126953e+02
3.519238240718841553e+02
1.960381033420562744e+02
3.944381115436553955e+02
4.133333504199981689e+02
3.637333483695983887e+02
2.598095345497131348e+02
4.015238261222839355e+02
4.440381135940551758e+02
3.424762046337127686e+02
3.613714435100555420e+02
4.015238261222839355e+02
4.086095407009124756e+02
3.330285851955413818e+02
3.023238220214843750e+02
3.660952532291412354e+02
4.015238261222839355e+02
3.849904921054840088e+02
2.645333442687988281e+02
3.424762046337127686e+02
4.487619233131408691e+02
4.133333504199981689e+02
3.188571560382843018e+02
3.424762046337127686e+02
4.487619233131408691e+02
3.566476337909698486e+02
3.495619192123413086e+02
3.330285851955413818e+02
4.204190649986267090e+02
3.212190608978271484e+02
2.550857248306274414e+02
4.275047795772552490e+02
3.164952511787414551e+02
2.361904859542846680e+02
4.369523990154266357e+02
2.763428685665130615e+02
3.920762066841125488e+02
2.480000102519989014e+02
4.440381135940551758e+02
3.731809678077697754e+02
3.448381094932556152e+02
4.156952552795410156e+02
4.771047816276550293e+02
4.841904962062835693e+02
4.960000205039978027e+02
5.101714496612548828e+02
4.747428767681121826e+02
4.275047795772552490e+02
4.251428747177124023e+02
4.487619233131408691e+02
4.747428767681121826e+02
4.912762107849121094e+02
4.912762107849121094e+02
4.960000205039978027e+02
5.148952593803405762e+02
5.078095448017120361e+02
4.818285913467407227e+02
4.889143059253692627e+02
5.243428788185119629e+02
5.196190690994262695e+02
4.818285913467407227e+02
4.605714476108551025e+02
4.936381156444549561e+02
4.464000184535980225e+02
4.345904941558837891e+02
4.605714476108551025e+02
4.605714476108551025e+02
4.440381135940551758e+02
4.700190670490264893e+02
4.794666864871978760e+02
4.180571601390838623e+02
3.968000164031982422e+02
4.345904941558837891e+02
4.393143038749694824e+02
4.109714455604553223e+02
3.731809678077697754e+02
4.109714455604553223e+02
3.495619192123413086e+02
4.086095407009124756e+02
3.944381115436553955e+02
3.897143018245697021e+02
4.251428747177124023e+02
3.401142997741699219e+02
3.849904921054840088e+02
3.377523949146270752e+02
3.944381115436553955e+02
3.495619192123413086e+02
4.345904941558837891e+02
4.038857309818267822e+02
4.062476358413696289e+02
3.826285872459411621e+02
4.393143038749694824e+02
4.062476358413696289e+02
4.298666844367980957e+02
4.345904941558837891e+02
3.826285872459411621e+02
3.448381094932556152e+02
4.204190649986267090e+02
3.968000164031982422e+02
3.802666823863983154e+02
2.881523928642272949e+02
3.897143018245697021e+02
2.928762025833129883e+02
4.227809698581695557e+02
3.117714414596557617e+02
3.802666823863983154e+02
3.141333463191986084e+02
4.086095407009124756e+02
3.566476337909698486e+02
3.779047775268554688e+02
4.416762087345123291e+02
3.708190629482269287e+02
3.755428726673126221e+02
3.802666823863983154e+02
4.511238281726837158e+02
3.708190629482269287e+02
3.826285872459411621e+02
4.015238261222839355e+02
3.731809678077697754e+02
3.731809678077697754e+02
3.353904900550842285e+02
3.897143018245697021e+02
3.660952532291412354e+02
3.826285872459411621e+02
2.952381074428558350e+02
3.613714435100555420e+02
4.015238261222839355e+02
3.826285872459411621e+02
3.802666823863983154e+02
3.755428726673126221e+02
4.086095407009124756e+02
3.590095386505126953e+02
4.487619233131408691e+02
4.227809698581695557e+02
3.637333483695983887e+02
3.448381094932556152e+02
2.881523928642272949e+02
4.275047795772552490e+02
3.424762046337127686e+02
3.708190629482269287e+02
1.913142936229705811e+02
4.109714455604553223e+02
4.015238261222839355e+02
3.755428726673126221e+02
2.668952491283416748e+02
4.156952552795410156e+02
4.369523990154266357e+02
3.306666803359985352e+02
3.755428726673126221e+02
4.156952552795410156e+02
4.156952552795410156e+02
3.141333463191986084e+02
3.330285851955413818e+02
3.731809678077697754e+02
4.086095407009124756e+02
3.566476337909698486e+02
3.259428706169128418e+02
3.164952511787414551e+02
4.558476378917694092e+02
3.873523969650268555e+02
3.920762066841125488e+02
2.976000123023986816e+02
4.464000184535980225e+02
3.637333483695983887e+02
3.637333483695983887e+02
3.094095366001129150e+02
4.156952552795410156e+02
3.448381094932556152e+02
2.314666762351989746e+02
4.275047795772552490e+02
3.330285851955413818e+02
2.456381053924560547e+02
4.558476378917694092e+02
2.810666782855987549e+02
4.180571601390838623e+02
4.393143038749694824e+02
3.849904921054840088e+02
3.660952532291412354e+02
4.251428747177124023e+02
4.676571621894836426e+02
4.629333524703979492e+02
4.723809719085693359e+02
5.054476399421691895e+02
5.007238302230834961e+02
4.652952573299407959e+02
4.487619233131408691e+02
4.511238281726837158e+02
4.629333524703979492e+02
4.723809719085693359e+02
4.794666864871978760e+02
4.865524010658264160e+02
5.054476399421691895e+02
5.172571642398834229e+02
5.101714496612548828e+02
5.125333545207977295e+02
5.267047836780548096e+02
5.125333545207977295e+02
4.747428767681121826e+02
4.676571621894836426e+02
4.558476378917694092e+02
4.723809719085693359e+02
4.794666864871978760e+02
4.652952573299407959e+02
4.676571621894836426e+02
4.605714476108551025e+02
4.345904941558837891e+02
4.369523990154266357e+02
4.582095427513122559e+02
4.109714455604553223e+02
3.542857289314270020e+02
4.416762087345123291e+02
4.109714455604553223e+02
4.204190649986267090e+02
4.086095407009124756e+02
3.424762046337127686e+02
3.637333483695983887e+02
3.495619192123413086e+02
3.660952532291412354e+02
4.345904941558837891e+02
4.038857309818267822e+02
4.180571601390838623e+02
4.251428747177124023e+02
4.345904941558837891e+02
4.369523990154266357e+02
4.440381135940551758e+02
3.731809678077697754e+02
3.849904921054840088e+02
4.369523990154266357e+02
3.826285872459411621e+02
3.779047775268554688e+02
3.235809657573699951e+02
4.086095407009124756e+02
3.046857268810272217e+02
3.991619212627410889e+02
3.306666803359985352e+02
3.968000164031982422e+02
3.306666803359985352e+02
3.802666823863983154e+02
3.637333483695983887e+02
3.731809678077697754e+02
4.251428747177124023e+02
3.684571580886840820e+02
3.826285872459411621e+02
3.590095386505126953e+02
3.920762066841125488e+02
3.802666823863983154e+02
3.944381115436553955e+02
3.920762066841125488e+02
3.259428706169128418e+02
3.731809678077697754e+02
3.519238240718841553e+02
4.133333504199981689e+02
3.472000143527984619e+02
3.731809678077697754e+02
2.928762025833129883e+02
3.708190629482269287e+02
3.849904921054840088e+02
3.613714435100555420e+02
3.613714435100555420e+02
3.472000143527984619e+02
3.779047775268554688e+02
3.401142997741699219e+02
4.275047795772552490e+02
3.779047775268554688e+02
3.472000143527984619e+02
3.401142997741699219e+02
3.330285851955413818e+02
4.038857309818267822e+02
3.401142997741699219e+02
3.684571580886840820e+02
2.385523908138275146e+02
3.920762066841125488e+02
3.920762066841125488e+02
3.590095386505126953e+02
2.905142977237701416e+02
3.920762066841125488e+02
4.416762087345123291e+02
3.235809657573699951e+02
3.779047775268554688e+02
4.109714455604553223e+02
4.416762087345123291e+02
3.023238220214843750e+02
3.755428726673126221e+02
3.944381115436553955e+02
4.086095407009124756e+02
3.164952511787414551e+02
3.968000164031982422e+02
3.164952511787414551e+02
4.227809698581695557e+02
3.495619192123413086e+02
4.227809698581695557e+02
2.739809637069702148e+02
4.180571601390838623e+02
3.660952532291412354e+02
3.353904900550842285e+02
4.038857309818267822e+02
3.613714435100555420e+02
2.291047713756561279e+02
4.204190649986267090e+02
3.542857289314270020e+02
4.487619233131408691e+02
3.117714414596557617e+02
4.038857309818267822e+02
4.015238261222839355e+02
4.393143038749694824e+02
4.511238281726837158e+02
4.345904941558837891e+02
4.487619233131408691e+02
4.889143059253692627e+02
5.054476399421691895e+02
4.865524010658264160e+02
4.676571621894836426e+02
4.558476378917694092e+02
4.534857330322265625e+02
4.534857330322265625e+02
4.605714476108551025e+02
4.700190670490264893e+02
4.912762107849121094e+02
5.148952593803405762e+02
5.314285933971405029e+02
5.337904982566833496e+02
5.290666885375976562e+02
5.101714496612548828e+02
4.983619253635406494e+02
4.912762107849121094e+02
4.652952573299407959e+02
4.345904941558837891e+02
4.582095427513122559e+02
4.109714455604553223e+02
4.345904941558837891e+02
3.849904921054840088e+02
3.637333483695983887e+02
3.330285851955413818e+02
3.873523969650268555e+02
3.684571580886840820e+02
4.416762087345123291e+02
4.416762087345123291e+02
4.227809698581695557e+02
4.393143038749694824e+02
4.487619233131408691e+02
3.849904921054840088e+02
4.180571601390838623e+02
3.849904921054840088e+02
3.731809678077697754e+02
3.613714435100555420e+02
4.345904941558837891e+02
3.353904900550842285e+02
3.495619192123413086e+02
3.472000143527984619e+02
4.204190649986267090e+02
3.660952532291412354e+02
3.330285851955413818e+02
3.613714435100555420e+02
3.779047775268554688e+02
4.109714455604553223e+02
3.708190629482269287e+02
3.708190629482269287e+02
3.472000143527984619e+02
3.684571580886840820e+02
3.944381115436553955e+02
3.920762066841125488e+02
3.708190629482269287e+02
3.259428706169128418e+02
3.590095386505126953e+02
3.849904921054840088e+02
4.038857309818267822e+02
3.566476337909698486e+02
3.401142997741699219e+02
3.141333463191986084e+02
3.660952532291412354e+02
3.779047775268554688e+02
3.401142997741699219e+02
3.023238220214843750e+02
3.283047754764556885e+02
3.542857289314270020e+02
3.353904900550842285e+02
3.708190629482269287e+02
3.401142997741699219e+02
3.472000143527984619e+02
3.424762046337127686e+02
3.613714435100555420e+02
3.731809678077697754e+02
3.519238240718841553e+02
3.472000143527984619e+02
2.928762025833129883e+02
3.566476337909698486e+02
3.944381115436553955e+02
3.259428706169128418e+02
2.952381074428558350e+02
3.495619192123413086e+02
4.416762087345123291e+02
3.235809657573699951e+02
3.590095386505126953e+02
3.802666823863983154e+02
4.582095427513122559e+02
3.235809657573699951e+02
3.968000164031982422e+02
3.944381115436553955e+02
3.968000164031982422e+02
3.141333463191986084e+02
4.133333504199981689e+02
3.755428726673126221e+02
3.283047754764556885e+02
3.731809678077697754e+02
3.897143018245697021e+02
3.566476337909698486e+02
2.739809637069702148e+02
3.968000164031982422e+02
3.542857289314270020e+02
3.897143018245697021e+02
3.637333483695983887e+02
4.227809698581695557e+02
4.416762087345123291e+02
4.345904941558837891e+02
4.180571601390838623e+02
4.298666844367980957e+02
4.676571621894836426e+02
4.936381156444549561e+02
4.818285913467407227e+02
4.582095427513122559e+02
4.393143038749694824e+02
4.345904941558837891e+02
4.322285892963409424e+02
4.393143038749694824e+02
4.534857330322265625e+02
4.676571621894836426e+02
4.936381156444549561e+02
5.243428788185119629e+02
5.385143079757690430e+02
5.219809739589691162e+02
4.062476358413696289e+02
4.204190649986267090e+02
3.637333483695983887e+02
3.920762066841125488e+02
3.023238220214843750e+02
4.180571601390838623e+02
3.472000143527984619e+02
4.464000184535980225e+02
4.275047795772552490e+02
4.298666844367980957e+02
4.322285892963409424e+02
4.086095407009124756e+02
3.873523969650268555e+02
3.779047775268554688e+02
3.755428726673126221e+02
3.708190629482269287e+02
3.117714414596557617e+02
3.613714435100555420e+02
4.275047795772552490e+02
4.038857309818267822e+02
3.023238220214843750e+02
3.566476337909698486e+02
3.755428726673126221e+02
4.227809698581695557e+02
3.897143018245697021e+02
3.542857289314270020e+02
3.401142997741699219e+02
3.708190629482269287e+02
4.109714455604553223e+02
3.802666823863983154e+02
3.424762046337127686e+02
3.377523949146270752e+02
3.401142997741699219e+02
4.015238261222839355e+02
3.637333483695983887e+02
3.684571580886840820e+02
3.259428706169128418e+02
3.306666803359985352e+02
3.448381094932556152e+02
3.802666823863983154e+02
3.424762046337127686e+02
2.668952491283416748e+02
3.235809657573699951e+02
3.590095386505126953e+02
3.495619192123413086e+02
3.046857268810272217e+02
3.235809657573699951e+02
3.566476337909698486e+02
3.353904900550842285e+02
3.590095386505126953e+02
3.566476337909698486e+02
3.684571580886840820e+02
3.283047754764556885e+02
3.235809657573699951e+02
3.448381094932556152e+02
3.968000164031982422e+02
3.141333463191986084e+02
2.881523928642272949e+02
3.188571560382843018e+02
4.345904941558837891e+02
3.330285851955413818e+02
3.330285851955413818e+02
3.353904900550842285e+02
4.464000184535980225e+02
3.566476337909698486e+02
3.873523969650268555e+02
3.684571580886840820e+02
3.590095386505126953e+02
3.684571580886840820e+02
3.330285851955413818e+02
3.472000143527984619e+02
3.897143018245697021e+02
3.330285851955413818e+02
4.156952552795410156e+02
3.164952511787414551e+02
3.660952532291412354e+02
4.322285892963409424e+02
4.298666844367980957e+02
4.298666844367980957e+02
4.464000184535980225e+02
4.700190670490264893e+02
4.582095427513122559e+02
4.204190649986267090e+02
4.062476358413696289e+02
4.133333504199981689e+02
4.227809698581695557e+02
4.275047795772552490e+02
4.393143038749694824e+02
4.416762087345123291e+02
4.676571621894836426e+02
5.054476399421691895e+02
3.802666823863983154e+02
4.062476358413696289e+02
3.164952511787414551e+02
4.227809698581695557e+02
3.353904900550842285e+02
4.298666844367980957e+02
3.991619212627410889e+02
4.298666844367980957e+02
4.109714455604553223e+02
4.275047795772552490e+02
3.944381115436553955e+02
3.897143018245697021e+02
3.944381115436553955e+02
3.164952511787414551e+02
4.204190649986267090e+02
3.164952511787414551e+02
3.613714435100555420e+02
4.227809698581695557e+02
4.109714455604553223e+02
3.542857289314270020e+02
3.660952532291412354e+02
4.204190649986267090e+02
3.684571580886840820e+02
3.235809657573699951e+02
3.401142997741699219e+02
3.424762046337127686e+02
3.826285872459411621e+02
3.164952511787414551e+02
3.826285872459411621e+02
3.377523949146270752e+02
3.259428706169128418e+02
3.117714414596557617e+02
4.015238261222839355e+02
3.637333483695983887e+02
2.621714394092559814e+02
3.094095366001129150e+02
3.779047775268554688e+02
3.637333483695983887e+02
2.787047734260559082e+02
3.212190608978271484e+02
3.708190629482269287e+02
3.377523949146270752e+02
3.519238240718841553e+02
3.519238240718841553e+02
3.849904921054840088e+02
3.283047754764556885e+02
3.330285851955413818e+02
4.062476358413696289e+02
3.235809657573699951e+02
2.905142977237701416e+02
4.251428747177124023e+02
3.424762046337127686e+02
3.235809657573699951e+02
4.227809698581695557e+02
3.849904921054840088e+02
3.495619192123413086e+02
4.038857309818267822e+02
3.188571560382843018e+02
3.660952532291412354e+02
4.109714455604553223e+02
3.070476317405700684e+02
4.416762087345123291e+02
4.275047795772552490e+02
4.204190649986267090e+02
4.464000184535980225e+02
4.322285892963409424e+02
3.826285872459411621e+02
3.779047775268554688e+02
4.086095407009124756e+02
4.251428747177124023e+02
4.251428747177124023e+02
4.298666844367980957e+02
4.322285892963409424e+02
3.755428726673126221e+02
4.062476358413696289e+02
3.660952532291412354e+02
4.062476358413696289e+02
3.944381115436553955e+02
4.322285892963409424e+02
4.038857309818267822e+02
4.369523990154266357e+02
4.015238261222839355e+02
3.991619212627410889e+02
4.062476358413696289e+02
3.495619192123413086e+02
4.109714455604553223e+02
3.590095386505126953e+02
3.968000164031982422e+02
4.109714455604553223e+02
3.495619192123413086e+02
4.156952552795410156e+02
3.377523949146270752e+02
3.708190629482269287e+02
3.472000143527984619e+02
3.897143018245697021e+02
3.637333483695983887e+02
3.094095366001129150e+02
4.345904941558837891e+02
3.755428726673126221e+02
2.834285831451416016e+02
4.086095407009124756e+02
3.613714435100555420e+02
2.976000123023986816e+02
3.802666823863983154e+02
3.495619192123413086e+02
3.283047754764556885e+02
3.920762066841125488e+02
3.495619192123413086e+02
4.204190649986267090e+02
3.424762046337127686e+02
4.298666844367980957e+02
3.424762046337127686e+02
4.062476358413696289e+02
3.873523969650268555e+02
3.519238240718841553e+02
4.133333504199981689e+02
3.353904900550842285e+02
3.566476337909698486e+02
4.038857309818267822e+02
4.251428747177124023e+02
3.873523969650268555e+02
3.920762066841125488e+02
4.275047795772552490e+02
4.393143038749694824e+02
4.156952552795410156e+02
4.133333504199981689e+02
4.322285892963409424e+02
4.156952552795410156e+02
4.298666844367980957e+02
4.204190649986267090e+02
4.086095407009124756e+02
4.133333504199981689e+02
3.944381115436553955e+02
3.920762066841125488e+02
3.897143018245697021e+02
3.590095386505126953e+02
3.944381115436553955e+02
3.306666803359985352e+02
4.038857309818267822e+02
3.401142997741699219e+02
4.086095407009124756e+02
4.038857309818267822e+02
3.968000164031982422e+02
4.534857330322265625e+02
3.637333483695983887e+02
4.251428747177124023e+02
3.353904900550842285e+02
3.755428726673126221e+02
3.519238240718841553e+02
3.968000164031982422e+02
3.637333483695983887e+02
4.464000184535980225e+02
3.401142997741699219e+02
4.487619233131408691e+02
3.306666803359985352e+02
4.086095407009124756e+02
3.731809678077697754e+02
3.873523969650268555e+02
3.802666823863983154e+02
4.322285892963409424e+02
4.369523990154266357e+02
4.180571601390838623e+02
4.251428747177124023e+02
4.322285892963409424e+02
3.779047775268554688e+02
4.133333504199981689e+02
3.448381094932556152e+02
3.779047775268554688e+02
3.377523949146270752e+02
3.849904921054840088e+02
3.637333483695983887e+02
4.251428747177124023e+02
4.180571601390838623e+02
4.133333504199981689e+02
4.534857330322265625e+02
3.377523949146270752e+02
4.180571601390838623e+02
3.117714414596557617e+02
3.684571580886840820e+02
3.472000143527984619e+02
4.015238261222839355e+02
3.566476337909698486e+02
4.700190670490264893e+02
3.188571560382843018e+02
4.582095427513122559e+02
4.227809698581695557e+02
4.369523990154266357e+02
4.227809698581695557e+02
3.826285872459411621e+02
3.613714435100555420e+02
3.779047775268554688e+02
3.660952532291412354e+02
3.684571580886840820e+02
3.991619212627410889e+02
4.086095407009124756e+02
4.416762087345123291e+02
3.968000164031982422e+02
4.464000184535980225e+02
3.283047754764556885e+02
4.038857309818267822e+02
3.141333463191986084e+02
3.660952532291412354e+02
4.109714455604553223e+02
4.700190670490264893e+02
4.416762087345123291e+02
3.897143018245697021e+02
4.133333504199981689e+02
4.558476378917694092e+02
4.534857330322265625e+02
4.038857309818267822e+02
