# 
#     Files used to generate the data: 
#     image: 1012_STIR.nii.gz
#     mask: 1012_normal_marrow.nii.gz
#     Column: intensities of voxels considered to be normal bone.
#     
5.484283242225646973e+02
5.583396794795989990e+02
5.583396794795989990e+02
5.649472496509552002e+02
5.979851005077362061e+02
4.592261269092559814e+02
3.964542102813720703e+02
3.997579953670501709e+02
4.394034163951873779e+02
5.484283242225646973e+02
5.352131838798522949e+02
5.186942584514617920e+02
5.385169689655303955e+02
5.484283242225646973e+02
5.319093987941741943e+02
5.484283242225646973e+02
6.211115961074829102e+02
6.244153811931610107e+02
5.451245391368865967e+02
5.583396794795989990e+02
4.658336970806121826e+02
4.559223418235778809e+02
4.724412672519683838e+02
4.460109865665435791e+02
4.096693506240844727e+02
5.286056137084960938e+02
4.030617804527282715e+02
5.451245391368865967e+02
4.360996313095092773e+02
5.219980435371398926e+02
4.625299119949340820e+02
5.253018286228179932e+02
4.294920611381530762e+02
3.964542102813720703e+02
6.706683723926544189e+02
5.748586049079895020e+02
5.120866882801055908e+02
4.889601926803588867e+02
4.955677628517150879e+02
5.352131838798522949e+02
5.418207540512084961e+02
5.087829031944274902e+02
5.517321093082427979e+02
6.640608022212982178e+02
6.475418767929077148e+02
5.451245391368865967e+02
5.781623899936676025e+02
6.706683723926544189e+02
6.409343066215515137e+02
6.178078110218048096e+02
6.012888855934143066e+02
5.054791181087493896e+02
4.526185567378997803e+02
4.823526225090026855e+02
4.427072014808654785e+02
5.253018286228179932e+02
4.394034163951873779e+02
4.889601926803588867e+02
4.294920611381530762e+02
4.526185567378997803e+02
4.294920611381530762e+02
4.493147716522216797e+02
4.460109865665435791e+02
4.625299119949340820e+02
4.658336970806121826e+02
4.988715479373931885e+02
4.559223418235778809e+02
5.517321093082427979e+02
4.228844909667968750e+02
5.484283242225646973e+02
4.162769207954406738e+02
5.021753330230712891e+02
4.228844909667968750e+02
6.475418767929077148e+02
6.343267364501953125e+02
5.715548198223114014e+02
5.153904733657836914e+02
4.856564075946807861e+02
5.021753330230712891e+02
5.385169689655303955e+02
5.286056137084960938e+02
4.922639777660369873e+02
5.682510347366333008e+02
7.004024381637573242e+02
6.739721574783325195e+02
5.715548198223114014e+02
6.145040259361267090e+02
6.640608022212982178e+02
6.145040259361267090e+02
5.054791181087493896e+02
5.616434645652770996e+02
5.616434645652770996e+02
5.583396794795989990e+02
5.120866882801055908e+02
5.054791181087493896e+02
4.195807058811187744e+02
4.526185567378997803e+02
4.096693506240844727e+02
4.427072014808654785e+02
4.559223418235778809e+02
4.460109865665435791e+02
4.427072014808654785e+02
4.460109865665435791e+02
3.997579953670501709e+02
4.493147716522216797e+02
4.129731357097625732e+02
4.592261269092559814e+02
4.691374821662902832e+02
4.856564075946807861e+02
4.922639777660369873e+02
4.922639777660369873e+02
5.219980435371398926e+02
4.460109865665435791e+02
5.451245391368865967e+02
3.997579953670501709e+02
5.385169689655303955e+02
3.964542102813720703e+02
5.054791181087493896e+02
4.030617804527282715e+02
5.120866882801055908e+02
5.847699601650238037e+02
6.078964557647705078e+02
6.045926706790924072e+02
5.748586049079895020e+02
5.352131838798522949e+02
5.054791181087493896e+02
5.319093987941741943e+02
5.649472496509552002e+02
5.352131838798522949e+02
5.021753330230712891e+02
5.946813154220581055e+02
7.268327188491821289e+02
7.103137934207916260e+02
6.178078110218048096e+02
6.310229513645172119e+02
6.211115961074829102e+02
5.847699601650238037e+02
5.153904733657836914e+02
4.757450523376464844e+02
5.880737452507019043e+02
5.451245391368865967e+02
5.087829031944274902e+02
5.913775303363800049e+02
5.021753330230712891e+02
5.682510347366333008e+02
4.889601926803588867e+02
4.294920611381530762e+02
4.691374821662902832e+02
3.733277146816253662e+02
4.658336970806121826e+02
4.063655655384063721e+02
4.724412672519683838e+02
4.129731357097625732e+02
4.460109865665435791e+02
3.898466401100158691e+02
4.294920611381530762e+02
4.360996313095092773e+02
4.493147716522216797e+02
5.054791181087493896e+02
4.955677628517150879e+02
5.054791181087493896e+02
5.087829031944274902e+02
4.922639777660369873e+02
4.625299119949340820e+02
5.319093987941741943e+02
4.030617804527282715e+02
5.847699601650238037e+02
3.931504251956939697e+02
5.484283242225646973e+02
4.162769207954406738e+02
4.889601926803588867e+02
4.162769207954406738e+02
5.054791181087493896e+02
5.715548198223114014e+02
5.616434645652770996e+02
5.781623899936676025e+02
5.814661750793457031e+02
5.913775303363800049e+02
5.715548198223114014e+02
5.385169689655303955e+02
5.583396794795989990e+02
5.946813154220581055e+02
5.682510347366333008e+02
5.451245391368865967e+02
6.277191662788391113e+02
7.367440741062164307e+02
7.433516442775726318e+02
6.673645873069763184e+02
5.946813154220581055e+02
5.385169689655303955e+02
5.418207540512084961e+02
5.418207540512084961e+02
5.153904733657836914e+02
4.922639777660369873e+02
5.649472496509552002e+02
5.484283242225646973e+02
5.385169689655303955e+02
4.889601926803588867e+02
6.277191662788391113e+02
4.658336970806121826e+02
5.814661750793457031e+02
4.823526225090026855e+02
4.427072014808654785e+02
4.889601926803588867e+02
3.997579953670501709e+02
5.021753330230712891e+02
4.162769207954406738e+02
5.087829031944274902e+02
4.228844909667968750e+02
4.592261269092559814e+02
4.327958462238311768e+02
3.898466401100158691e+02
4.856564075946807861e+02
4.030617804527282715e+02
5.385169689655303955e+02
4.724412672519683838e+02
5.219980435371398926e+02
5.021753330230712891e+02
4.922639777660369873e+02
4.724412672519683838e+02
5.418207540512084961e+02
4.360996313095092773e+02
6.211115961074829102e+02
4.129731357097625732e+02
6.145040259361267090e+02
4.162769207954406738e+02
5.186942584514617920e+02
4.327958462238311768e+02
4.658336970806121826e+02
4.922639777660369873e+02
5.616434645652770996e+02
5.418207540512084961e+02
5.550358943939208984e+02
5.649472496509552002e+02
5.979851005077362061e+02
6.145040259361267090e+02
5.847699601650238037e+02
5.781623899936676025e+02
6.178078110218048096e+02
6.244153811931610107e+02
6.211115961074829102e+02
6.673645873069763184e+02
7.334402890205383301e+02
7.433516442775726318e+02
6.475418767929077148e+02
5.153904733657836914e+02
4.625299119949340820e+02
4.988715479373931885e+02
5.418207540512084961e+02
5.418207540512084961e+02
5.186942584514617920e+02
5.418207540512084961e+02
5.517321093082427979e+02
5.186942584514617920e+02
5.517321093082427979e+02
5.550358943939208984e+02
4.922639777660369873e+02
6.012888855934143066e+02
4.592261269092559814e+02
5.451245391368865967e+02
4.889601926803588867e+02
4.691374821662902832e+02
4.988715479373931885e+02
4.757450523376464844e+02
5.120866882801055908e+02
4.823526225090026855e+02
5.517321093082427979e+02
4.724412672519683838e+02
5.153904733657836914e+02
4.856564075946807861e+02
3.700239295959472656e+02
5.186942584514617920e+02
3.535050041675567627e+02
5.286056137084960938e+02
4.360996313095092773e+02
5.186942584514617920e+02
4.922639777660369873e+02
5.319093987941741943e+02
4.922639777660369873e+02
5.847699601650238037e+02
4.889601926803588867e+02
6.442380917072296143e+02
4.327958462238311768e+02
6.442380917072296143e+02
3.832390699386596680e+02
5.748586049079895020e+02
4.129731357097625732e+02
4.757450523376464844e+02
4.460109865665435791e+02
4.559223418235778809e+02
4.955677628517150879e+02
5.550358943939208984e+02
5.517321093082427979e+02
5.418207540512084961e+02
5.517321093082427979e+02
5.715548198223114014e+02
6.178078110218048096e+02
6.640608022212982178e+02
6.376305215358734131e+02
5.946813154220581055e+02
6.145040259361267090e+02
6.508456618785858154e+02
6.640608022212982178e+02
6.805797276496887207e+02
7.136175785064697266e+02
7.037062232494354248e+02
5.913775303363800049e+02
4.691374821662902832e+02
4.526185567378997803e+02
4.790488374233245850e+02
5.087829031944274902e+02
5.352131838798522949e+02
5.385169689655303955e+02
5.120866882801055908e+02
5.385169689655303955e+02
5.385169689655303955e+02
5.385169689655303955e+02
5.418207540512084961e+02
5.451245391368865967e+02
4.988715479373931885e+02
5.517321093082427979e+02
4.658336970806121826e+02
5.186942584514617920e+02
4.922639777660369873e+02
5.087829031944274902e+02
4.823526225090026855e+02
5.352131838798522949e+02
4.757450523376464844e+02
5.418207540512084961e+02
5.748586049079895020e+02
5.253018286228179932e+02
5.847699601650238037e+02
5.286056137084960938e+02
3.964542102813720703e+02
5.153904733657836914e+02
3.336822936534881592e+02
4.823526225090026855e+02
4.261882760524749756e+02
5.054791181087493896e+02
5.087829031944274902e+02
5.781623899936676025e+02
5.186942584514617920e+02
6.310229513645172119e+02
5.153904733657836914e+02
6.343267364501953125e+02
4.360996313095092773e+02
6.277191662788391113e+02
3.336822936534881592e+02
6.045926706790924072e+02
3.601125743389129639e+02
5.054791181087493896e+02
4.360996313095092773e+02
4.360996313095092773e+02
4.823526225090026855e+02
5.219980435371398926e+02
5.484283242225646973e+02
5.649472496509552002e+02
5.913775303363800049e+02
6.244153811931610107e+02
6.673645873069763184e+02
7.136175785064697266e+02
6.838835127353668213e+02
6.045926706790924072e+02
5.979851005077362061e+02
6.409343066215515137e+02
6.541494469642639160e+02
6.640608022212982178e+02
6.739721574783325195e+02
6.310229513645172119e+02
5.286056137084960938e+02
4.790488374233245850e+02
5.120866882801055908e+02
5.021753330230712891e+02
4.823526225090026855e+02
5.120866882801055908e+02
5.484283242225646973e+02
5.120866882801055908e+02
5.253018286228179932e+02
5.484283242225646973e+02
5.153904733657836914e+02
5.484283242225646973e+02
5.120866882801055908e+02
5.286056137084960938e+02
4.988715479373931885e+02
5.253018286228179932e+02
4.790488374233245850e+02
5.219980435371398926e+02
4.823526225090026855e+02
5.418207540512084961e+02
4.427072014808654785e+02
5.616434645652770996e+02
4.327958462238311768e+02
5.649472496509552002e+02
5.748586049079895020e+02
5.649472496509552002e+02
6.211115961074829102e+02
5.616434645652770996e+02
4.162769207954406738e+02
5.153904733657836914e+02
3.303785085678100586e+02
4.592261269092559814e+02
4.526185567378997803e+02
4.922639777660369873e+02
5.418207540512084961e+02
6.045926706790924072e+02
5.219980435371398926e+02
6.508456618785858154e+02
5.054791181087493896e+02
6.078964557647705078e+02
4.327958462238311768e+02
5.781623899936676025e+02
3.039482278823852539e+02
5.946813154220581055e+02
3.171633682250976562e+02
5.418207540512084961e+02
4.030617804527282715e+02
4.394034163951873779e+02
4.592261269092559814e+02
5.352131838798522949e+02
4.889601926803588867e+02
5.550358943939208984e+02
6.045926706790924072e+02
6.508456618785858154e+02
6.772759425640106201e+02
7.037062232494354248e+02
7.268327188491821289e+02
6.937948679924011230e+02
6.078964557647705078e+02
5.847699601650238037e+02
6.078964557647705078e+02
6.178078110218048096e+02
6.244153811931610107e+02
6.376305215358734131e+02
5.946813154220581055e+02
5.319093987941741943e+02
5.385169689655303955e+02
5.781623899936676025e+02
5.385169689655303955e+02
4.790488374233245850e+02
5.087829031944274902e+02
5.484283242225646973e+02
5.120866882801055908e+02
4.724412672519683838e+02
4.922639777660369873e+02
5.451245391368865967e+02
4.757450523376464844e+02
5.550358943939208984e+02
4.691374821662902832e+02
5.253018286228179932e+02
4.823526225090026855e+02
5.186942584514617920e+02
4.889601926803588867e+02
5.451245391368865967e+02
4.691374821662902832e+02
5.616434645652770996e+02
4.096693506240844727e+02
5.616434645652770996e+02
4.162769207954406738e+02
5.616434645652770996e+02
5.715548198223114014e+02
5.715548198223114014e+02
6.078964557647705078e+02
5.781623899936676025e+02
4.096693506240844727e+02
5.451245391368865967e+02
3.270747234821319580e+02
4.955677628517150879e+02
4.658336970806121826e+02
5.120866882801055908e+02
5.451245391368865967e+02
5.979851005077362061e+02
5.021753330230712891e+02
6.409343066215515137e+02
4.757450523376464844e+02
5.880737452507019043e+02
4.228844909667968750e+02
5.385169689655303955e+02
3.204671533107757568e+02
5.583396794795989990e+02
3.204671533107757568e+02
5.550358943939208984e+02
3.832390699386596680e+02
4.559223418235778809e+02
4.195807058811187744e+02
4.394034163951873779e+02
5.253018286228179932e+02
4.856564075946807861e+02
4.592261269092559814e+02
5.517321093082427979e+02
6.442380917072296143e+02
6.937948679924011230e+02
7.070100083351135254e+02
7.037062232494354248e+02
6.838835127353668213e+02
6.475418767929077148e+02
6.045926706790924072e+02
5.946813154220581055e+02
5.913775303363800049e+02
5.814661750793457031e+02
5.946813154220581055e+02
6.211115961074829102e+02
6.012888855934143066e+02
5.880737452507019043e+02
6.112002408504486084e+02
6.012888855934143066e+02
5.352131838798522949e+02
4.955677628517150879e+02
5.286056137084960938e+02
5.484283242225646973e+02
5.186942584514617920e+02
5.418207540512084961e+02
4.625299119949340820e+02
4.658336970806121826e+02
5.583396794795989990e+02
4.394034163951873779e+02
5.781623899936676025e+02
4.360996313095092773e+02
5.451245391368865967e+02
4.790488374233245850e+02
5.219980435371398926e+02
5.153904733657836914e+02
5.319093987941741943e+02
4.856564075946807861e+02
5.583396794795989990e+02
4.096693506240844727e+02
5.781623899936676025e+02
4.228844909667968750e+02
5.616434645652770996e+02
5.517321093082427979e+02
5.517321093082427979e+02
5.451245391368865967e+02
5.715548198223114014e+02
3.700239295959472656e+02
5.880737452507019043e+02
3.171633682250976562e+02
5.616434645652770996e+02
4.493147716522216797e+02
5.517321093082427979e+02
5.054791181087493896e+02
5.913775303363800049e+02
4.724412672519683838e+02
6.244153811931610107e+02
4.625299119949340820e+02
5.748586049079895020e+02
4.261882760524749756e+02
5.186942584514617920e+02
3.502012190818786621e+02
5.418207540512084961e+02
3.568087892532348633e+02
5.649472496509552002e+02
3.865428550243377686e+02
4.955677628517150879e+02
3.931504251956939697e+02
4.559223418235778809e+02
5.087829031944274902e+02
4.922639777660369873e+02
4.559223418235778809e+02
5.352131838798522949e+02
6.442380917072296143e+02
6.970986530780792236e+02
6.937948679924011230e+02
6.673645873069763184e+02
6.178078110218048096e+02
5.913775303363800049e+02
5.979851005077362061e+02
6.145040259361267090e+02
5.946813154220581055e+02
5.649472496509552002e+02
5.880737452507019043e+02
6.178078110218048096e+02
6.277191662788391113e+02
6.475418767929077148e+02
6.574532320499420166e+02
5.748586049079895020e+02
5.021753330230712891e+02
5.021753330230712891e+02
5.385169689655303955e+02
5.418207540512084961e+02
5.186942584514617920e+02
5.583396794795989990e+02
4.889601926803588867e+02
5.484283242225646973e+02
4.724412672519683838e+02
5.847699601650238037e+02
4.360996313095092773e+02
6.012888855934143066e+02
4.294920611381530762e+02
5.748586049079895020e+02
4.823526225090026855e+02
5.219980435371398926e+02
5.484283242225646973e+02
4.856564075946807861e+02
5.286056137084960938e+02
5.219980435371398926e+02
4.427072014808654785e+02
5.847699601650238037e+02
4.394034163951873779e+02
5.748586049079895020e+02
5.219980435371398926e+02
5.253018286228179932e+02
4.922639777660369873e+02
5.418207540512084961e+02
3.568087892532348633e+02
6.145040259361267090e+02
3.237709383964538574e+02
6.078964557647705078e+02
4.129731357097625732e+02
5.715548198223114014e+02
4.559223418235778809e+02
5.847699601650238037e+02
4.790488374233245850e+02
6.178078110218048096e+02
4.988715479373931885e+02
5.715548198223114014e+02
4.394034163951873779e+02
5.253018286228179932e+02
3.700239295959472656e+02
5.451245391368865967e+02
3.865428550243377686e+02
5.715548198223114014e+02
4.063655655384063721e+02
5.352131838798522949e+02
3.733277146816253662e+02
5.087829031944274902e+02
5.186942584514617920e+02
4.955677628517150879e+02
5.087829031944274902e+02
4.658336970806121826e+02
5.120866882801055908e+02
6.310229513645172119e+02
7.004024381637573242e+02
6.673645873069763184e+02
6.145040259361267090e+02
5.748586049079895020e+02
5.649472496509552002e+02
5.979851005077362061e+02
6.277191662788391113e+02
5.979851005077362061e+02
5.682510347366333008e+02
5.946813154220581055e+02
6.112002408504486084e+02
6.244153811931610107e+02
6.772759425640106201e+02
6.871872978210449219e+02
5.616434645652770996e+02
4.790488374233245850e+02
5.021753330230712891e+02
5.286056137084960938e+02
5.153904733657836914e+02
5.087829031944274902e+02
5.682510347366333008e+02
5.253018286228179932e+02
5.748586049079895020e+02
5.021753330230712891e+02
6.045926706790924072e+02
4.658336970806121826e+02
6.112002408504486084e+02
4.526185567378997803e+02
6.012888855934143066e+02
4.856564075946807861e+02
5.352131838798522949e+02
5.682510347366333008e+02
4.360996313095092773e+02
5.748586049079895020e+02
4.460109865665435791e+02
4.889601926803588867e+02
5.616434645652770996e+02
4.526185567378997803e+02
5.814661750793457031e+02
4.856564075946807861e+02
5.087829031944274902e+02
4.724412672519683838e+02
5.253018286228179932e+02
3.931504251956939697e+02
6.145040259361267090e+02
3.733277146816253662e+02
6.012888855934143066e+02
4.030617804527282715e+02
5.451245391368865967e+02
4.394034163951873779e+02
5.649472496509552002e+02
5.054791181087493896e+02
6.078964557647705078e+02
5.352131838798522949e+02
5.748586049079895020e+02
4.526185567378997803e+02
5.451245391368865967e+02
3.733277146816253662e+02
5.649472496509552002e+02
3.997579953670501709e+02
5.715548198223114014e+02
4.195807058811187744e+02
5.550358943939208984e+02
3.700239295959472656e+02
5.649472496509552002e+02
5.616434645652770996e+02
4.790488374233245850e+02
5.219980435371398926e+02
4.856564075946807861e+02
5.021753330230712891e+02
6.277191662788391113e+02
7.136175785064697266e+02
6.574532320499420166e+02
5.847699601650238037e+02
5.682510347366333008e+02
5.781623899936676025e+02
6.012888855934143066e+02
6.112002408504486084e+02
5.814661750793457031e+02
5.781623899936676025e+02
6.045926706790924072e+02
5.880737452507019043e+02
5.748586049079895020e+02
6.640608022212982178e+02
7.070100083351135254e+02
5.946813154220581055e+02
5.054791181087493896e+02
5.087829031944274902e+02
5.120866882801055908e+02
4.889601926803588867e+02
4.988715479373931885e+02
5.748586049079895020e+02
5.715548198223114014e+02
5.286056137084960938e+02
6.012888855934143066e+02
5.021753330230712891e+02
6.078964557647705078e+02
4.889601926803588867e+02
6.045926706790924072e+02
5.021753330230712891e+02
5.517321093082427979e+02
5.517321093082427979e+02
4.294920611381530762e+02
5.781623899936676025e+02
4.063655655384063721e+02
5.219980435371398926e+02
5.219980435371398926e+02
4.691374821662902832e+02
5.649472496509552002e+02
4.724412672519683838e+02
5.021753330230712891e+02
4.823526225090026855e+02
5.253018286228179932e+02
4.559223418235778809e+02
6.211115961074829102e+02
4.294920611381530762e+02
5.880737452507019043e+02
4.228844909667968750e+02
4.889601926803588867e+02
4.592261269092559814e+02
5.219980435371398926e+02
5.319093987941741943e+02
5.946813154220581055e+02
5.319093987941741943e+02
5.847699601650238037e+02
4.427072014808654785e+02
5.682510347366333008e+02
3.898466401100158691e+02
5.583396794795989990e+02
4.096693506240844727e+02
5.418207540512084961e+02
4.096693506240844727e+02
5.418207540512084961e+02
5.814661750793457031e+02
5.748586049079895020e+02
4.856564075946807861e+02
5.087829031944274902e+02
5.054791181087493896e+02
6.376305215358734131e+02
7.334402890205383301e+02
6.541494469642639160e+02
5.748586049079895020e+02
5.715548198223114014e+02
5.880737452507019043e+02
5.913775303363800049e+02
5.748586049079895020e+02
5.616434645652770996e+02
5.880737452507019043e+02
6.112002408504486084e+02
5.583396794795989990e+02
5.153904733657836914e+02
6.343267364501953125e+02
7.169213635921478271e+02
6.376305215358734131e+02
5.517321093082427979e+02
5.319093987941741943e+02
5.087829031944274902e+02
4.856564075946807861e+02
5.186942584514617920e+02
5.385169689655303955e+02
5.352131838798522949e+02
5.880737452507019043e+02
5.219980435371398926e+02
6.012888855934143066e+02
5.219980435371398926e+02
5.946813154220581055e+02
5.186942584514617920e+02
5.583396794795989990e+02
5.219980435371398926e+02
4.724412672519683838e+02
5.418207540512084961e+02
4.427072014808654785e+02
5.253018286228179932e+02
5.120866882801055908e+02
4.889601926803588867e+02
5.286056137084960938e+02
4.823526225090026855e+02
4.922639777660369873e+02
4.988715479373931885e+02
5.319093987941741943e+02
4.856564075946807861e+02
6.277191662788391113e+02
4.493147716522216797e+02
5.880737452507019043e+02
4.394034163951873779e+02
4.625299119949340820e+02
4.691374821662902832e+02
4.823526225090026855e+02
5.087829031944274902e+02
5.847699601650238037e+02
4.658336970806121826e+02
6.078964557647705078e+02
4.294920611381530762e+02
5.847699601650238037e+02
4.394034163951873779e+02
5.319093987941741943e+02
4.228844909667968750e+02
4.988715479373931885e+02
3.733277146816253662e+02
5.120866882801055908e+02
5.352131838798522949e+02
5.153904733657836914e+02
4.790488374233245850e+02
5.219980435371398926e+02
5.219980435371398926e+02
6.277191662788391113e+02
7.070100083351135254e+02
6.409343066215515137e+02
5.649472496509552002e+02
5.616434645652770996e+02
5.748586049079895020e+02
5.583396794795989990e+02
5.385169689655303955e+02
5.484283242225646973e+02
6.012888855934143066e+02
6.145040259361267090e+02
5.484283242225646973e+02
5.153904733657836914e+02
6.277191662788391113e+02
7.037062232494354248e+02
6.541494469642639160e+02
5.814661750793457031e+02
5.550358943939208984e+02
5.319093987941741943e+02
5.253018286228179932e+02
5.583396794795989990e+02
4.988715479373931885e+02
5.616434645652770996e+02
5.153904733657836914e+02
5.946813154220581055e+02
5.451245391368865967e+02
5.814661750793457031e+02
5.352131838798522949e+02
5.385169689655303955e+02
4.988715479373931885e+02
5.153904733657836914e+02
4.955677628517150879e+02
5.153904733657836914e+02
5.120866882801055908e+02
5.286056137084960938e+02
5.087829031944274902e+02
5.120866882801055908e+02
4.988715479373931885e+02
4.856564075946807861e+02
5.021753330230712891e+02
5.286056137084960938e+02
4.823526225090026855e+02
6.178078110218048096e+02
4.294920611381530762e+02
5.880737452507019043e+02
4.162769207954406738e+02
4.724412672519683838e+02
4.493147716522216797e+02
4.790488374233245850e+02
4.592261269092559814e+02
5.847699601650238037e+02
4.063655655384063721e+02
6.310229513645172119e+02
4.261882760524749756e+02
5.946813154220581055e+02
5.021753330230712891e+02
4.988715479373931885e+02
4.394034163951873779e+02
4.625299119949340820e+02
3.204671533107757568e+02
4.922639777660369873e+02
4.757450523376464844e+02
4.394034163951873779e+02
5.219980435371398926e+02
5.286056137084960938e+02
5.913775303363800049e+02
6.442380917072296143e+02
6.211115961074829102e+02
5.715548198223114014e+02
5.451245391368865967e+02
5.385169689655303955e+02
5.120866882801055908e+02
5.087829031944274902e+02
5.451245391368865967e+02
6.045926706790924072e+02
6.045926706790924072e+02
5.649472496509552002e+02
5.649472496509552002e+02
6.442380917072296143e+02
6.739721574783325195e+02
6.310229513645172119e+02
5.781623899936676025e+02
5.715548198223114014e+02
5.649472496509552002e+02
5.715548198223114014e+02
5.880737452507019043e+02
5.219980435371398926e+02
4.856564075946807861e+02
5.748586049079895020e+02
5.418207540512084961e+02
5.583396794795989990e+02
5.352131838798522949e+02
5.120866882801055908e+02
4.922639777660369873e+02
5.352131838798522949e+02
4.724412672519683838e+02
5.583396794795989990e+02
4.988715479373931885e+02
5.484283242225646973e+02
5.186942584514617920e+02
5.186942584514617920e+02
5.021753330230712891e+02
4.922639777660369873e+02
4.955677628517150879e+02
5.054791181087493896e+02
4.625299119949340820e+02
5.616434645652770996e+02
3.931504251956939697e+02
5.517321093082427979e+02
3.799352848529815674e+02
4.955677628517150879e+02
4.261882760524749756e+02
5.286056137084960938e+02
4.360996313095092773e+02
5.979851005077362061e+02
3.931504251956939697e+02
6.343267364501953125e+02
4.427072014808654785e+02
5.880737452507019043e+02
5.451245391368865967e+02
4.757450523376464844e+02
4.460109865665435791e+02
4.493147716522216797e+02
4.856564075946807861e+02
4.493147716522216797e+02
3.865428550243377686e+02
5.286056137084960938e+02
5.550358943939208984e+02
5.880737452507019043e+02
6.145040259361267090e+02
5.946813154220581055e+02
5.484283242225646973e+02
5.120866882801055908e+02
4.955677628517150879e+02
5.087829031944274902e+02
5.517321093082427979e+02
5.847699601650238037e+02
5.781623899936676025e+02
5.682510347366333008e+02
6.045926706790924072e+02
6.541494469642639160e+02
6.442380917072296143e+02
6.045926706790924072e+02
5.880737452507019043e+02
5.880737452507019043e+02
5.814661750793457031e+02
5.880737452507019043e+02
4.922639777660369873e+02
4.493147716522216797e+02
5.418207540512084961e+02
5.021753330230712891e+02
5.219980435371398926e+02
5.186942584514617920e+02
4.988715479373931885e+02
4.889601926803588867e+02
5.418207540512084961e+02
4.757450523376464844e+02
5.550358943939208984e+02
4.988715479373931885e+02
5.352131838798522949e+02
5.087829031944274902e+02
5.319093987941741943e+02
4.955677628517150879e+02
5.153904733657836914e+02
4.955677628517150879e+02
4.889601926803588867e+02
4.592261269092559814e+02
4.757450523376464844e+02
3.766314997673034668e+02
4.658336970806121826e+02
3.700239295959472656e+02
4.955677628517150879e+02
4.394034163951873779e+02
5.748586049079895020e+02
4.625299119949340820e+02
6.145040259361267090e+02
4.228844909667968750e+02
5.946813154220581055e+02
4.559223418235778809e+02
5.517321093082427979e+02
5.219980435371398926e+02
4.658336970806121826e+02
4.360996313095092773e+02
4.493147716522216797e+02
4.889601926803588867e+02
4.658336970806121826e+02
4.030617804527282715e+02
5.319093987941741943e+02
5.517321093082427979e+02
5.880737452507019043e+02
6.376305215358734131e+02
6.343267364501953125e+02
5.781623899936676025e+02
5.253018286228179932e+02
5.153904733657836914e+02
5.385169689655303955e+02
5.616434645652770996e+02
5.484283242225646973e+02
5.286056137084960938e+02
5.418207540512084961e+02
5.979851005077362061e+02
6.376305215358734131e+02
6.178078110218048096e+02
5.946813154220581055e+02
5.979851005077362061e+02
5.979851005077362061e+02
5.781623899936676025e+02
5.682510347366333008e+02
5.054791181087493896e+02
4.526185567378997803e+02
4.790488374233245850e+02
4.823526225090026855e+02
5.021753330230712891e+02
4.823526225090026855e+02
5.484283242225646973e+02
4.856564075946807861e+02
5.120866882801055908e+02
4.922639777660369873e+02
4.922639777660369873e+02
4.823526225090026855e+02
5.385169689655303955e+02
4.922639777660369873e+02
5.484283242225646973e+02
5.286056137084960938e+02
4.988715479373931885e+02
4.856564075946807861e+02
4.360996313095092773e+02
3.898466401100158691e+02
3.997579953670501709e+02
3.964542102813720703e+02
4.625299119949340820e+02
4.790488374233245850e+02
5.913775303363800049e+02
4.922639777660369873e+02
5.979851005077362061e+02
4.427072014808654785e+02
5.253018286228179932e+02
4.360996313095092773e+02
4.856564075946807861e+02
4.658336970806121826e+02
4.658336970806121826e+02
4.625299119949340820e+02
4.955677628517150879e+02
4.955677628517150879e+02
5.946813154220581055e+02
6.376305215358734131e+02
6.673645873069763184e+02
6.574532320499420166e+02
6.112002408504486084e+02
5.583396794795989990e+02
5.451245391368865967e+02
5.649472496509552002e+02
5.583396794795989990e+02
4.988715479373931885e+02
4.724412672519683838e+02
5.054791181087493896e+02
5.682510347366333008e+02
6.078964557647705078e+02
6.078964557647705078e+02
5.913775303363800049e+02
6.012888855934143066e+02
5.946813154220581055e+02
5.715548198223114014e+02
4.922639777660369873e+02
4.526185567378997803e+02
4.493147716522216797e+02
5.021753330230712891e+02
4.724412672519683838e+02
5.451245391368865967e+02
4.790488374233245850e+02
4.823526225090026855e+02
4.592261269092559814e+02
4.625299119949340820e+02
4.460109865665435791e+02
5.385169689655303955e+02
5.054791181087493896e+02
5.682510347366333008e+02
5.847699601650238037e+02
5.319093987941741943e+02
5.087829031944274902e+02
4.691374821662902832e+02
3.898466401100158691e+02
4.063655655384063721e+02
4.129731357097625732e+02
4.493147716522216797e+02
4.889601926803588867e+02
5.781623899936676025e+02
4.790488374233245850e+02
5.649472496509552002e+02
4.228844909667968750e+02
4.526185567378997803e+02
4.096693506240844727e+02
4.360996313095092773e+02
4.955677628517150879e+02
5.153904733657836914e+02
5.186942584514617920e+02
5.120866882801055908e+02
6.838835127353668213e+02
6.706683723926544189e+02
6.508456618785858154e+02
6.211115961074829102e+02
5.814661750793457031e+02
5.616434645652770996e+02
5.748586049079895020e+02
5.451245391368865967e+02
4.592261269092559814e+02
4.327958462238311768e+02
4.823526225090026855e+02
5.418207540512084961e+02
5.781623899936676025e+02
5.979851005077362061e+02
5.781623899936676025e+02
5.682510347366333008e+02
5.649472496509552002e+02
4.592261269092559814e+02
4.955677628517150879e+02
5.253018286228179932e+02
4.625299119949340820e+02
4.922639777660369873e+02
4.129731357097625732e+02
4.856564075946807861e+02
3.997579953670501709e+02
5.319093987941741943e+02
5.186942584514617920e+02
5.517321093082427979e+02
6.078964557647705078e+02
5.550358943939208984e+02
5.186942584514617920e+02
5.352131838798522949e+02
3.832390699386596680e+02
4.724412672519683838e+02
3.964542102813720703e+02
4.757450523376464844e+02
4.592261269092559814e+02
5.517321093082427979e+02
4.427072014808654785e+02
5.219980435371398926e+02
3.997579953670501709e+02
4.195807058811187744e+02
5.682510347366333008e+02
6.078964557647705078e+02
5.451245391368865967e+02
6.442380917072296143e+02
6.277191662788391113e+02
6.112002408504486084e+02
5.748586049079895020e+02
5.583396794795989990e+02
5.748586049079895020e+02
5.418207540512084961e+02
4.559223418235778809e+02
4.460109865665435791e+02
4.988715479373931885e+02
5.418207540512084961e+02
5.616434645652770996e+02
5.847699601650238037e+02
5.715548198223114014e+02
5.451245391368865967e+02
4.922639777660369873e+02
5.253018286228179932e+02
5.319093987941741943e+02
5.352131838798522949e+02
5.286056137084960938e+02
5.120866882801055908e+02
5.352131838798522949e+02
5.814661750793457031e+02
5.517321093082427979e+02
4.922639777660369873e+02
5.616434645652770996e+02
3.667201445102691650e+02
5.385169689655303955e+02
5.319093987941741943e+02
5.451245391368865967e+02
4.955677628517150879e+02
3.997579953670501709e+02
4.427072014808654785e+02
6.178078110218048096e+02
6.904910829067230225e+02
6.012888855934143066e+02
5.484283242225646973e+02
5.385169689655303955e+02
5.649472496509552002e+02
5.517321093082427979e+02
4.922639777660369873e+02
4.922639777660369873e+02
5.352131838798522949e+02
5.550358943939208984e+02
5.550358943939208984e+02
5.781623899936676025e+02
5.286056137084960938e+02
5.682510347366333008e+02
5.649472496509552002e+02
5.418207540512084961e+02
5.451245391368865967e+02
5.385169689655303955e+02
5.319093987941741943e+02
5.583396794795989990e+02
5.880737452507019043e+02
5.517321093082427979e+02
4.889601926803588867e+02
4.394034163951873779e+02
4.823526225090026855e+02
6.244153811931610107e+02
5.451245391368865967e+02
5.616434645652770996e+02
5.385169689655303955e+02
5.385169689655303955e+02
5.682510347366333008e+02
5.715548198223114014e+02
5.583396794795989990e+02
5.748586049079895020e+02
5.319093987941741943e+02
4.790488374233245850e+02
5.451245391368865967e+02
6.277191662788391113e+02
5.550358943939208984e+02
4.823526225090026855e+02
4.790488374233245850e+02
5.319093987941741943e+02
4.294920611381530762e+02
5.451245391368865967e+02
6.442380917072296143e+02
