# 
#     Files used to generate the data: 
#     image: 1016_STIR.nii.gz
#     mask: 1016_normal_marrow.nii.gz
#     Column: intensities of voxels considered to be normal bone.
#     
4.435895106792449951e+02
5.045567893981933594e+02
5.129660692214965820e+02
4.330779109001159668e+02
4.099523913860321045e+02
4.183616712093353271e+02
3.931338317394256592e+02
4.393848707675933838e+02
4.793289499282836914e+02
4.835335898399353027e+02
4.477941505908966064e+02
4.372825508117675781e+02
4.730219900608062744e+02
5.024544694423675537e+02
4.709196701049804688e+02
4.288732709884643555e+02
3.952361516952514648e+02
4.015431115627288818e+02
4.246686310768127441e+02
4.541011104583740234e+02
4.751243100166320801e+02
4.709196701049804688e+02
4.814312698841094971e+02
5.108637492656707764e+02
5.003521494865417480e+02
4.646127102375030518e+02
4.772266299724578857e+02
4.625103902816772461e+02
4.162593512535095215e+02
3.763152720928192139e+02
3.847245519161224365e+02
4.330779109001159668e+02
4.835335898399353027e+02
4.456918306350708008e+02
4.835335898399353027e+02
4.393848707675933838e+02
4.856359097957611084e+02
4.583057503700256348e+02
5.150683891773223877e+02
4.225663111209869385e+02
5.129660692214965820e+02
3.615990324020385742e+02
4.414871907234191895e+02
4.667150301933288574e+02
4.519987905025482178e+02
4.751243100166320801e+02
4.898405497074127197e+02
4.498964705467224121e+02
3.805199120044708252e+02
3.679059922695159912e+02
4.078500714302062988e+02
4.183616712093353271e+02
4.498964705467224121e+02
4.688173501491546631e+02
4.498964705467224121e+02
4.709196701049804688e+02
4.456918306350708008e+02
4.793289499282836914e+02
4.498964705467224121e+02
5.045567893981933594e+02
4.141570312976837158e+02
4.940451896190643311e+02
3.594967124462127686e+02
4.288732709884643555e+02
3.868268718719482422e+02
3.973384716510772705e+02
4.267709510326385498e+02
4.456918306350708008e+02
4.372825508117675781e+02
4.519987905025482178e+02
4.793289499282836914e+02
4.625103902816772461e+02
4.036454315185546875e+02
4.162593512535095215e+02
3.784175920486450195e+02
4.120547113418579102e+02
4.078500714302062988e+02
4.372825508117675781e+02
4.330779109001159668e+02
4.372825508117675781e+02
4.393848707675933838e+02
4.393848707675933838e+02
4.583057503700256348e+02
4.393848707675933838e+02
4.772266299724578857e+02
4.162593512535095215e+02
4.562034304141998291e+02
3.973384716510772705e+02
4.141570312976837158e+02
4.162593512535095215e+02
4.162593512535095215e+02
4.183616712093353271e+02
4.057477514743804932e+02
4.267709510326385498e+02
4.183616712093353271e+02
4.141570312976837158e+02
4.204639911651611328e+02
4.393848707675933838e+02
4.435895106792449951e+02
4.877382297515869141e+02
4.141570312976837158e+02
4.435895106792449951e+02
3.973384716510772705e+02
4.162593512535095215e+02
4.036454315185546875e+02
4.078500714302062988e+02
3.994407916069030762e+02
4.141570312976837158e+02
4.015431115627288818e+02
4.351802308559417725e+02
4.309755909442901611e+02
4.414871907234191895e+02
4.477941505908966064e+02
4.225663111209869385e+02
4.267709510326385498e+02
4.288732709884643555e+02
4.036454315185546875e+02
4.372825508117675781e+02
4.372825508117675781e+02
4.036454315185546875e+02
5.066591093540191650e+02
3.742129521369934082e+02
4.162593512535095215e+02
4.246686310768127441e+02
4.120547113418579102e+02
4.057477514743804932e+02
4.015431115627288818e+02
4.036454315185546875e+02
4.751243100166320801e+02
4.057477514743804932e+02
4.940451896190643311e+02
4.099523913860321045e+02
4.688173501491546631e+02
4.225663111209869385e+02
4.309755909442901611e+02
4.015431115627288818e+02
3.805199120044708252e+02
3.658036723136901855e+02
3.805199120044708252e+02
3.679059922695159912e+02
4.330779109001159668e+02
4.036454315185546875e+02
4.477941505908966064e+02
4.183616712093353271e+02
4.120547113418579102e+02
4.078500714302062988e+02
4.225663111209869385e+02
3.910315117835998535e+02
4.351802308559417725e+02
4.267709510326385498e+02
3.868268718719482422e+02
5.003521494865417480e+02
3.510874326229095459e+02
3.931338317394256592e+02
4.309755909442901611e+02
4.541011104583740234e+02
4.309755909442901611e+02
4.204639911651611328e+02
4.141570312976837158e+02
3.931338317394256592e+02
4.477941505908966064e+02
3.763152720928192139e+02
4.814312698841094971e+02
4.036454315185546875e+02
4.877382297515869141e+02
4.309755909442901611e+02
4.519987905025482178e+02
3.994407916069030762e+02
3.679059922695159912e+02
3.489851126670837402e+02
3.468827927112579346e+02
3.510874326229095459e+02
4.246686310768127441e+02
3.763152720928192139e+02
4.414871907234191895e+02
3.889291918277740479e+02
3.910315117835998535e+02
3.910315117835998535e+02
3.910315117835998535e+02
3.763152720928192139e+02
4.120547113418579102e+02
3.868268718719482422e+02
3.847245519161224365e+02
4.625103902816772461e+02
3.637013523578643799e+02
3.763152720928192139e+02
3.889291918277740479e+02
4.898405497074127197e+02
4.877382297515869141e+02
4.709196701049804688e+02
4.519987905025482178e+02
4.393848707675933838e+02
3.973384716510772705e+02
4.120547113418579102e+02
4.246686310768127441e+02
3.889291918277740479e+02
4.667150301933288574e+02
4.099523913860321045e+02
5.003521494865417480e+02
4.288732709884643555e+02
4.688173501491546631e+02
3.889291918277740479e+02
3.658036723136901855e+02
3.489851126670837402e+02
3.363711929321289062e+02
3.573943924903869629e+02
3.994407916069030762e+02
3.594967124462127686e+02
4.015431115627288818e+02
3.573943924903869629e+02
3.594967124462127686e+02
3.763152720928192139e+02
3.721106321811676025e+02
3.679059922695159912e+02
4.036454315185546875e+02
3.573943924903869629e+02
4.036454315185546875e+02
4.162593512535095215e+02
4.057477514743804932e+02
3.910315117835998535e+02
3.531897525787353516e+02
3.700083122253417969e+02
4.772266299724578857e+02
5.024544694423675537e+02
5.066591093540191650e+02
4.793289499282836914e+02
4.583057503700256348e+02
4.015431115627288818e+02
4.393848707675933838e+02
4.141570312976837158e+02
4.204639911651611328e+02
4.583057503700256348e+02
4.204639911651611328e+02
4.961475095748901367e+02
4.141570312976837158e+02
4.583057503700256348e+02
3.805199120044708252e+02
3.805199120044708252e+02
3.679059922695159912e+02
3.489851126670837402e+02
3.805199120044708252e+02
3.637013523578643799e+02
3.552920725345611572e+02
3.489851126670837402e+02
3.426781527996063232e+02
3.447804727554321289e+02
3.700083122253417969e+02
3.805199120044708252e+02
3.742129521369934082e+02
4.099523913860321045e+02
3.510874326229095459e+02
4.162593512535095215e+02
3.868268718719482422e+02
4.372825508117675781e+02
4.204639911651611328e+02
3.468827927112579346e+02
3.489851126670837402e+02
4.393848707675933838e+02
4.793289499282836914e+02
5.108637492656707764e+02
4.772266299724578857e+02
4.456918306350708008e+02
3.973384716510772705e+02
4.435895106792449951e+02
4.057477514743804932e+02
4.414871907234191895e+02
4.477941505908966064e+02
4.246686310768127441e+02
4.751243100166320801e+02
3.952361516952514648e+02
4.414871907234191895e+02
3.679059922695159912e+02
3.994407916069030762e+02
3.763152720928192139e+02
3.679059922695159912e+02
3.994407916069030762e+02
3.510874326229095459e+02
3.679059922695159912e+02
3.237572731971740723e+02
3.468827927112579346e+02
3.573943924903869629e+02
3.805199120044708252e+02
4.162593512535095215e+02
3.889291918277740479e+02
4.246686310768127441e+02
3.637013523578643799e+02
4.015431115627288818e+02
3.721106321811676025e+02
4.204639911651611328e+02
4.309755909442901611e+02
3.784175920486450195e+02
3.594967124462127686e+02
3.931338317394256592e+02
4.309755909442901611e+02
4.877382297515869141e+02
4.562034304141998291e+02
4.078500714302062988e+02
3.868268718719482422e+02
4.162593512535095215e+02
4.057477514743804932e+02
4.309755909442901611e+02
4.288732709884643555e+02
4.162593512535095215e+02
4.414871907234191895e+02
3.763152720928192139e+02
4.288732709884643555e+02
3.531897525787353516e+02
4.204639911651611328e+02
3.784175920486450195e+02
3.910315117835998535e+02
4.099523913860321045e+02
3.594967124462127686e+02
3.931338317394256592e+02
3.447804727554321289e+02
3.700083122253417969e+02
3.868268718719482422e+02
3.931338317394256592e+02
4.393848707675933838e+02
4.036454315185546875e+02
4.246686310768127441e+02
3.742129521369934082e+02
3.679059922695159912e+02
3.573943924903869629e+02
3.658036723136901855e+02
4.120547113418579102e+02
4.078500714302062988e+02
3.805199120044708252e+02
3.615990324020385742e+02
3.889291918277740479e+02
4.625103902816772461e+02
4.541011104583740234e+02
3.784175920486450195e+02
3.910315117835998535e+02
3.615990324020385742e+02
4.183616712093353271e+02
3.994407916069030762e+02
4.141570312976837158e+02
4.036454315185546875e+02
4.099523913860321045e+02
3.700083122253417969e+02
4.225663111209869385e+02
3.468827927112579346e+02
4.393848707675933838e+02
3.700083122253417969e+02
4.120547113418579102e+02
4.078500714302062988e+02
3.763152720928192139e+02
4.078500714302062988e+02
3.847245519161224365e+02
3.847245519161224365e+02
4.078500714302062988e+02
3.952361516952514648e+02
4.351802308559417725e+02
4.120547113418579102e+02
4.246686310768127441e+02
3.763152720928192139e+02
3.615990324020385742e+02
3.426781527996063232e+02
3.216549532413482666e+02
3.363711929321289062e+02
3.784175920486450195e+02
4.183616712093353271e+02
3.973384716510772705e+02
3.742129521369934082e+02
3.405758328437805176e+02
3.552920725345611572e+02
4.498964705467224121e+02
4.730219900608062744e+02
3.742129521369934082e+02
3.153479933738708496e+02
4.519987905025482178e+02
3.531897525787353516e+02
4.162593512535095215e+02
3.826222319602966309e+02
3.931338317394256592e+02
3.679059922695159912e+02
4.246686310768127441e+02
3.594967124462127686e+02
4.477941505908966064e+02
3.868268718719482422e+02
4.204639911651611328e+02
4.099523913860321045e+02
3.910315117835998535e+02
3.973384716510772705e+02
4.099523913860321045e+02
3.742129521369934082e+02
4.099523913860321045e+02
3.889291918277740479e+02
4.120547113418579102e+02
4.036454315185546875e+02
4.246686310768127441e+02
3.637013523578643799e+02
3.805199120044708252e+02
3.279619131088256836e+02
3.111433534622192383e+02
3.447804727554321289e+02
3.510874326229095459e+02
4.120547113418579102e+02
3.531897525787353516e+02
3.363711929321289062e+02
3.405758328437805176e+02
4.330779109001159668e+02
4.856359097957611084e+02
3.868268718719482422e+02
3.027340736389160156e+02
4.814312698841094971e+02
3.300642330646514893e+02
4.330779109001159668e+02
3.700083122253417969e+02
4.036454315185546875e+02
3.700083122253417969e+02
4.288732709884643555e+02
3.868268718719482422e+02
4.435895106792449951e+02
4.246686310768127441e+02
4.162593512535095215e+02
4.162593512535095215e+02
3.994407916069030762e+02
3.742129521369934082e+02
4.120547113418579102e+02
3.573943924903869629e+02
3.931338317394256592e+02
3.847245519161224365e+02
3.868268718719482422e+02
3.889291918277740479e+02
4.225663111209869385e+02
3.489851126670837402e+02
4.078500714302062988e+02
3.195526332855224609e+02
3.195526332855224609e+02
3.531897525787353516e+02
3.447804727554321289e+02
3.994407916069030762e+02
4.183616712093353271e+02
3.384735128879547119e+02
3.426781527996063232e+02
3.489851126670837402e+02
3.489851126670837402e+02
4.099523913860321045e+02
4.625103902816772461e+02
3.994407916069030762e+02
3.321665530204772949e+02
3.447804727554321289e+02
4.498964705467224121e+02
3.658036723136901855e+02
4.267709510326385498e+02
3.700083122253417969e+02
4.267709510326385498e+02
4.120547113418579102e+02
4.267709510326385498e+02
4.625103902816772461e+02
4.099523913860321045e+02
4.309755909442901611e+02
4.015431115627288818e+02
3.658036723136901855e+02
4.015431115627288818e+02
3.637013523578643799e+02
3.742129521369934082e+02
3.889291918277740479e+02
3.658036723136901855e+02
3.742129521369934082e+02
4.057477514743804932e+02
3.363711929321289062e+02
4.057477514743804932e+02
3.237572731971740723e+02
3.342688729763031006e+02
3.594967124462127686e+02
3.594967124462127686e+02
3.973384716510772705e+02
3.868268718719482422e+02
3.679059922695159912e+02
3.552920725345611572e+02
3.784175920486450195e+02
4.036454315185546875e+02
3.405758328437805176e+02
3.615990324020385742e+02
3.742129521369934082e+02
3.721106321811676025e+02
4.015431115627288818e+02
4.246686310768127441e+02
3.910315117835998535e+02
3.679059922695159912e+02
3.847245519161224365e+02
3.784175920486450195e+02
4.519987905025482178e+02
3.742129521369934082e+02
4.246686310768127441e+02
4.099523913860321045e+02
4.078500714302062988e+02
4.519987905025482178e+02
4.099523913860321045e+02
4.288732709884643555e+02
4.078500714302062988e+02
3.910315117835998535e+02
3.889291918277740479e+02
3.910315117835998535e+02
3.552920725345611572e+02
3.931338317394256592e+02
3.489851126670837402e+02
3.594967124462127686e+02
3.847245519161224365e+02
3.300642330646514893e+02
3.910315117835998535e+02
3.321665530204772949e+02
3.573943924903869629e+02
3.552920725345611572e+02
3.910315117835998535e+02
3.847245519161224365e+02
3.658036723136901855e+02
4.036454315185546875e+02
4.246686310768127441e+02
3.931338317394256592e+02
3.552920725345611572e+02
3.700083122253417969e+02
3.994407916069030762e+02
3.994407916069030762e+02
3.847245519161224365e+02
3.700083122253417969e+02
3.994407916069030762e+02
4.057477514743804932e+02
3.952361516952514648e+02
4.036454315185546875e+02
3.952361516952514648e+02
3.742129521369934082e+02
3.889291918277740479e+02
4.141570312976837158e+02
3.994407916069030762e+02
4.583057503700256348e+02
3.826222319602966309e+02
4.288732709884643555e+02
3.910315117835998535e+02
4.099523913860321045e+02
4.036454315185546875e+02
4.183616712093353271e+02
4.078500714302062988e+02
4.141570312976837158e+02
4.162593512535095215e+02
3.826222319602966309e+02
4.204639911651611328e+02
3.426781527996063232e+02
3.931338317394256592e+02
3.363711929321289062e+02
3.510874326229095459e+02
3.742129521369934082e+02
3.321665530204772949e+02
3.973384716510772705e+02
3.321665530204772949e+02
3.910315117835998535e+02
3.447804727554321289e+02
4.267709510326385498e+02
3.763152720928192139e+02
4.751243100166320801e+02
3.552920725345611572e+02
3.615990324020385742e+02
3.658036723136901855e+02
4.078500714302062988e+02
4.435895106792449951e+02
4.120547113418579102e+02
3.615990324020385742e+02
3.679059922695159912e+02
3.994407916069030762e+02
3.994407916069030762e+02
3.784175920486450195e+02
3.784175920486450195e+02
4.078500714302062988e+02
4.057477514743804932e+02
4.351802308559417725e+02
4.183616712093353271e+02
3.973384716510772705e+02
4.015431115627288818e+02
3.805199120044708252e+02
3.573943924903869629e+02
3.826222319602966309e+02
4.183616712093353271e+02
4.288732709884643555e+02
4.141570312976837158e+02
4.456918306350708008e+02
3.994407916069030762e+02
4.372825508117675781e+02
3.826222319602966309e+02
4.309755909442901611e+02
3.658036723136901855e+02
4.351802308559417725e+02
3.826222319602966309e+02
4.183616712093353271e+02
4.162593512535095215e+02
3.805199120044708252e+02
4.204639911651611328e+02
3.384735128879547119e+02
3.847245519161224365e+02
3.321665530204772949e+02
3.531897525787353516e+02
3.868268718719482422e+02
3.363711929321289062e+02
4.246686310768127441e+02
3.216549532413482666e+02
4.309755909442901611e+02
3.342688729763031006e+02
4.498964705467224121e+02
3.679059922695159912e+02
4.646127102375030518e+02
4.288732709884643555e+02
3.489851126670837402e+02
3.805199120044708252e+02
3.763152720928192139e+02
3.637013523578643799e+02
3.910315117835998535e+02
4.330779109001159668e+02
4.183616712093353271e+02
3.763152720928192139e+02
3.721106321811676025e+02
3.973384716510772705e+02
4.036454315185546875e+02
3.889291918277740479e+02
3.973384716510772705e+02
4.225663111209869385e+02
4.204639911651611328e+02
4.141570312976837158e+02
4.456918306350708008e+02
4.120547113418579102e+02
3.700083122253417969e+02
3.889291918277740479e+02
3.847245519161224365e+02
3.489851126670837402e+02
3.594967124462127686e+02
3.994407916069030762e+02
4.267709510326385498e+02
4.120547113418579102e+02
4.267709510326385498e+02
4.120547113418579102e+02
4.330779109001159668e+02
3.994407916069030762e+02
4.477941505908966064e+02
3.826222319602966309e+02
4.309755909442901611e+02
3.826222319602966309e+02
4.099523913860321045e+02
3.889291918277740479e+02
3.910315117835998535e+02
3.847245519161224365e+02
3.489851126670837402e+02
3.742129521369934082e+02
3.342688729763031006e+02
3.615990324020385742e+02
3.931338317394256592e+02
3.279619131088256836e+02
4.414871907234191895e+02
3.048363935947418213e+02
4.477941505908966064e+02
3.216549532413482666e+02
4.541011104583740234e+02
4.477941505908966064e+02
4.036454315185546875e+02
3.742129521369934082e+02
4.015431115627288818e+02
3.910315117835998535e+02
3.658036723136901855e+02
3.721106321811676025e+02
3.994407916069030762e+02
4.078500714302062988e+02
3.931338317394256592e+02
3.847245519161224365e+02
3.910315117835998535e+02
3.931338317394256592e+02
3.973384716510772705e+02
4.246686310768127441e+02
4.414871907234191895e+02
4.078500714302062988e+02
4.267709510326385498e+02
3.910315117835998535e+02
3.447804727554321289e+02
3.700083122253417969e+02
3.868268718719482422e+02
3.552920725345611572e+02
3.510874326229095459e+02
4.393848707675933838e+02
3.826222319602966309e+02
4.414871907234191895e+02
4.036454315185546875e+02
4.141570312976837158e+02
4.099523913860321045e+02
3.658036723136901855e+02
4.204639911651611328e+02
4.267709510326385498e+02
3.742129521369934082e+02
4.414871907234191895e+02
4.372825508117675781e+02
3.910315117835998535e+02
4.141570312976837158e+02
4.078500714302062988e+02
3.952361516952514648e+02
3.573943924903869629e+02
4.057477514743804932e+02
3.468827927112579346e+02
3.784175920486450195e+02
3.679059922695159912e+02
3.426781527996063232e+02
3.594967124462127686e+02
3.742129521369934082e+02
3.111433534622192383e+02
4.078500714302062988e+02
2.880178339481353760e+02
4.183616712093353271e+02
3.132456734180450439e+02
4.393848707675933838e+02
4.393848707675933838e+02
4.036454315185546875e+02
3.826222319602966309e+02
4.099523913860321045e+02
4.015431115627288818e+02
4.141570312976837158e+02
4.036454315185546875e+02
3.721106321811676025e+02
3.573943924903869629e+02
3.679059922695159912e+02
3.889291918277740479e+02
4.078500714302062988e+02
4.057477514743804932e+02
3.910315117835998535e+02
3.763152720928192139e+02
3.931338317394256592e+02
4.456918306350708008e+02
4.562034304141998291e+02
4.036454315185546875e+02
4.057477514743804932e+02
4.078500714302062988e+02
3.826222319602966309e+02
3.468827927112579346e+02
3.615990324020385742e+02
3.805199120044708252e+02
3.637013523578643799e+02
4.099523913860321045e+02
3.594967124462127686e+02
4.015431115627288818e+02
4.435895106792449951e+02
4.604080703258514404e+02
3.868268718719482422e+02
3.742129521369934082e+02
4.435895106792449951e+02
4.625103902816772461e+02
4.057477514743804932e+02
3.468827927112579346e+02
4.204639911651611328e+02
4.120547113418579102e+02
4.057477514743804932e+02
3.805199120044708252e+02
4.015431115627288818e+02
4.393848707675933838e+02
3.658036723136901855e+02
4.141570312976837158e+02
4.814312698841094971e+02
4.078500714302062988e+02
3.826222319602966309e+02
4.393848707675933838e+02
4.120547113418579102e+02
3.805199120044708252e+02
3.384735128879547119e+02
3.573943924903869629e+02
4.246686310768127441e+02
3.258595931529998779e+02
3.510874326229095459e+02
4.120547113418579102e+02
3.679059922695159912e+02
3.594967124462127686e+02
3.468827927112579346e+02
3.468827927112579346e+02
2.880178339481353760e+02
3.510874326229095459e+02
2.880178339481353760e+02
3.594967124462127686e+02
3.994407916069030762e+02
4.225663111209869385e+02
4.099523913860321045e+02
4.057477514743804932e+02
3.952361516952514648e+02
3.931338317394256592e+02
4.057477514743804932e+02
4.057477514743804932e+02
3.847245519161224365e+02
3.637013523578643799e+02
3.594967124462127686e+02
3.784175920486450195e+02
4.162593512535095215e+02
4.330779109001159668e+02
4.078500714302062988e+02
3.721106321811676025e+02
3.868268718719482422e+02
4.498964705467224121e+02
4.583057503700256348e+02
4.162593512535095215e+02
4.288732709884643555e+02
4.057477514743804932e+02
3.931338317394256592e+02
3.721106321811676025e+02
4.898405497074127197e+02
3.742129521369934082e+02
4.667150301933288574e+02
3.805199120044708252e+02
4.078500714302062988e+02
3.763152720928192139e+02
3.868268718719482422e+02
4.541011104583740234e+02
3.826222319602966309e+02
3.973384716510772705e+02
4.267709510326385498e+02
4.414871907234191895e+02
4.141570312976837158e+02
3.805199120044708252e+02
4.015431115627288818e+02
4.562034304141998291e+02
4.351802308559417725e+02
3.489851126670837402e+02
4.078500714302062988e+02
4.183616712093353271e+02
4.225663111209869385e+02
3.342688729763031006e+02
3.952361516952514648e+02
3.952361516952514648e+02
4.309755909442901611e+02
3.447804727554321289e+02
3.742129521369934082e+02
3.952361516952514648e+02
4.709196701049804688e+02
3.637013523578643799e+02
4.162593512535095215e+02
3.637013523578643799e+02
4.351802308559417725e+02
4.456918306350708008e+02
3.700083122253417969e+02
3.426781527996063232e+02
4.015431115627288818e+02
4.246686310768127441e+02
3.426781527996063232e+02
3.805199120044708252e+02
4.225663111209869385e+02
3.700083122253417969e+02
4.120547113418579102e+02
3.658036723136901855e+02
3.300642330646514893e+02
3.363711929321289062e+02
2.859155139923095703e+02
3.237572731971740723e+02
3.111433534622192383e+02
3.237572731971740723e+02
3.384735128879547119e+02
3.637013523578643799e+02
3.931338317394256592e+02
3.931338317394256592e+02
4.036454315185546875e+02
3.868268718719482422e+02
3.573943924903869629e+02
3.468827927112579346e+02
3.826222319602966309e+02
4.162593512535095215e+02
4.015431115627288818e+02
3.847245519161224365e+02
3.721106321811676025e+02
3.700083122253417969e+02
4.015431115627288818e+02
4.477941505908966064e+02
4.372825508117675781e+02
3.910315117835998535e+02
3.910315117835998535e+02
4.372825508117675781e+02
4.456918306350708008e+02
4.267709510326385498e+02
4.583057503700256348e+02
4.940451896190643311e+02
4.162593512535095215e+02
4.099523913860321045e+02
4.562034304141998291e+02
3.952361516952514648e+02
4.961475095748901367e+02
3.931338317394256592e+02
4.604080703258514404e+02
3.973384716510772705e+02
3.931338317394256592e+02
4.604080703258514404e+02
3.931338317394256592e+02
3.700083122253417969e+02
4.646127102375030518e+02
3.952361516952514648e+02
3.868268718719482422e+02
4.162593512535095215e+02
3.994407916069030762e+02
4.330779109001159668e+02
3.868268718719482422e+02
3.847245519161224365e+02
4.183616712093353271e+02
4.730219900608062744e+02
3.805199120044708252e+02
4.036454315185546875e+02
4.162593512535095215e+02
4.498964705467224121e+02
3.658036723136901855e+02
4.141570312976837158e+02
4.099523913860321045e+02
4.183616712093353271e+02
3.552920725345611572e+02
3.931338317394256592e+02
3.973384716510772705e+02
4.225663111209869385e+02
3.531897525787353516e+02
4.204639911651611328e+02
3.700083122253417969e+02
4.078500714302062988e+02
3.489851126670837402e+02
4.541011104583740234e+02
3.742129521369934082e+02
3.510874326229095459e+02
3.447804727554321289e+02
4.351802308559417725e+02
4.141570312976837158e+02
3.552920725345611572e+02
4.078500714302062988e+02
4.015431115627288818e+02
3.700083122253417969e+02
4.036454315185546875e+02
3.510874326229095459e+02
3.258595931529998779e+02
3.931338317394256592e+02
3.363711929321289062e+02
3.027340736389160156e+02
3.363711929321289062e+02
3.468827927112579346e+02
3.363711929321289062e+02
3.615990324020385742e+02
3.489851126670837402e+02
3.637013523578643799e+02
3.615990324020385742e+02
3.742129521369934082e+02
4.183616712093353271e+02
3.384735128879547119e+02
3.027340736389160156e+02
3.826222319602966309e+02
4.393848707675933838e+02
4.225663111209869385e+02
4.078500714302062988e+02
3.889291918277740479e+02
3.573943924903869629e+02
3.637013523578643799e+02
4.246686310768127441e+02
4.435895106792449951e+02
4.141570312976837158e+02
4.036454315185546875e+02
4.225663111209869385e+02
4.267709510326385498e+02
4.351802308559417725e+02
4.667150301933288574e+02
4.751243100166320801e+02
4.162593512535095215e+02
4.330779109001159668e+02
4.183616712093353271e+02
4.183616712093353271e+02
4.498964705467224121e+02
4.015431115627288818e+02
4.646127102375030518e+02
3.931338317394256592e+02
4.351802308559417725e+02
4.015431115627288818e+02
3.973384716510772705e+02
4.562034304141998291e+02
3.973384716510772705e+02
3.805199120044708252e+02
4.667150301933288574e+02
3.784175920486450195e+02
3.910315117835998535e+02
3.805199120044708252e+02
4.330779109001159668e+02
3.637013523578643799e+02
4.225663111209869385e+02
3.910315117835998535e+02
4.036454315185546875e+02
3.700083122253417969e+02
4.793289499282836914e+02
4.183616712093353271e+02
4.099523913860321045e+02
4.057477514743804932e+02
4.709196701049804688e+02
4.099523913860321045e+02
4.288732709884643555e+02
4.288732709884643555e+02
4.141570312976837158e+02
3.805199120044708252e+02
4.183616712093353271e+02
4.120547113418579102e+02
3.847245519161224365e+02
3.658036723136901855e+02
4.225663111209869385e+02
3.847245519161224365e+02
3.805199120044708252e+02
3.658036723136901855e+02
4.456918306350708008e+02
3.931338317394256592e+02
3.615990324020385742e+02
3.679059922695159912e+02
4.414871907234191895e+02
4.078500714302062988e+02
3.594967124462127686e+02
3.847245519161224365e+02
4.099523913860321045e+02
3.805199120044708252e+02
3.531897525787353516e+02
3.910315117835998535e+02
3.384735128879547119e+02
3.216549532413482666e+02
3.847245519161224365e+02
3.426781527996063232e+02
3.258595931529998779e+02
3.637013523578643799e+02
3.826222319602966309e+02
3.658036723136901855e+02
3.910315117835998535e+02
3.573943924903869629e+02
3.531897525787353516e+02
3.510874326229095459e+02
3.384735128879547119e+02
3.510874326229095459e+02
4.498964705467224121e+02
3.531897525787353516e+02
3.174503133296966553e+02
4.099523913860321045e+02
4.604080703258514404e+02
4.267709510326385498e+02
4.015431115627288818e+02
3.889291918277740479e+02
3.384735128879547119e+02
3.153479933738708496e+02
3.658036723136901855e+02
4.162593512535095215e+02
4.225663111209869385e+02
4.225663111209869385e+02
4.183616712093353271e+02
4.141570312976837158e+02
4.330779109001159668e+02
4.583057503700256348e+02
4.435895106792449951e+02
3.763152720928192139e+02
4.141570312976837158e+02
4.372825508117675781e+02
4.162593512535095215e+02
4.204639911651611328e+02
4.162593512535095215e+02
3.973384716510772705e+02
4.120547113418579102e+02
3.826222319602966309e+02
4.078500714302062988e+02
3.847245519161224365e+02
4.183616712093353271e+02
4.498964705467224121e+02
3.931338317394256592e+02
3.826222319602966309e+02
4.183616712093353271e+02
4.709196701049804688e+02
3.973384716510772705e+02
3.700083122253417969e+02
3.910315117835998535e+02
4.646127102375030518e+02
3.700083122253417969e+02
3.889291918277740479e+02
3.931338317394256592e+02
4.351802308559417725e+02
3.489851126670837402e+02
4.477941505908966064e+02
4.351802308559417725e+02
4.267709510326385498e+02
3.931338317394256592e+02
4.562034304141998291e+02
4.456918306350708008e+02
4.393848707675933838e+02
4.330779109001159668e+02
4.162593512535095215e+02
4.120547113418579102e+02
4.372825508117675781e+02
4.204639911651611328e+02
3.847245519161224365e+02
3.931338317394256592e+02
4.351802308559417725e+02
3.931338317394256592e+02
3.763152720928192139e+02
3.952361516952514648e+02
4.414871907234191895e+02
4.015431115627288818e+02
3.615990324020385742e+02
4.015431115627288818e+02
4.225663111209869385e+02
4.078500714302062988e+02
3.405758328437805176e+02
4.288732709884643555e+02
3.805199120044708252e+02
3.784175920486450195e+02
3.237572731971740723e+02
4.414871907234191895e+02
3.700083122253417969e+02
3.510874326229095459e+02
3.132456734180450439e+02
3.889291918277740479e+02
3.594967124462127686e+02
3.342688729763031006e+02
3.826222319602966309e+02
4.015431115627288818e+02
3.847245519161224365e+02
4.330779109001159668e+02
3.784175920486450195e+02
3.868268718719482422e+02
3.615990324020385742e+02
3.405758328437805176e+02
3.447804727554321289e+02
4.393848707675933838e+02
3.784175920486450195e+02
3.658036723136901855e+02
4.372825508117675781e+02
4.541011104583740234e+02
4.015431115627288818e+02
3.784175920486450195e+02
3.742129521369934082e+02
3.300642330646514893e+02
2.922224738597869873e+02
3.111433534622192383e+02
3.615990324020385742e+02
4.036454315185546875e+02
4.267709510326385498e+02
4.225663111209869385e+02
4.141570312976837158e+02
4.351802308559417725e+02
4.477941505908966064e+02
4.246686310768127441e+02
3.721106321811676025e+02
4.078500714302062988e+02
4.288732709884643555e+02
4.015431115627288818e+02
4.204639911651611328e+02
3.910315117835998535e+02
3.994407916069030762e+02
3.931338317394256592e+02
3.742129521369934082e+02
4.078500714302062988e+02
4.730219900608062744e+02
3.658036723136901855e+02
4.372825508117675781e+02
4.498964705467224121e+02
4.183616712093353271e+02
3.615990324020385742e+02
4.519987905025482178e+02
4.814312698841094971e+02
4.246686310768127441e+02
3.531897525787353516e+02
4.204639911651611328e+02
4.898405497074127197e+02
3.994407916069030762e+02
3.594967124462127686e+02
4.015431115627288818e+02
4.583057503700256348e+02
3.615990324020385742e+02
3.952361516952514648e+02
4.267709510326385498e+02
4.351802308559417725e+02
3.868268718719482422e+02
4.183616712093353271e+02
4.435895106792449951e+02
4.414871907234191895e+02
4.309755909442901611e+02
4.078500714302062988e+02
4.288732709884643555e+02
4.477941505908966064e+02
4.225663111209869385e+02
3.952361516952514648e+02
4.162593512535095215e+02
4.498964705467224121e+02
3.973384716510772705e+02
3.847245519161224365e+02
4.120547113418579102e+02
4.414871907234191895e+02
4.036454315185546875e+02
3.637013523578643799e+02
4.267709510326385498e+02
4.015431115627288818e+02
4.099523913860321045e+02
3.279619131088256836e+02
4.625103902816772461e+02
3.426781527996063232e+02
3.931338317394256592e+02
3.048363935947418213e+02
4.751243100166320801e+02
3.447804727554321289e+02
3.826222319602966309e+02
2.985294337272644043e+02
3.868268718719482422e+02
3.826222319602966309e+02
3.195526332855224609e+02
4.036454315185546875e+02
3.826222319602966309e+02
3.973384716510772705e+02
3.889291918277740479e+02
4.709196701049804688e+02
4.036454315185546875e+02
4.435895106792449951e+02
3.910315117835998535e+02
3.615990324020385742e+02
3.763152720928192139e+02
4.036454315185546875e+02
3.952361516952514648e+02
4.099523913860321045e+02
4.393848707675933838e+02
4.204639911651611328e+02
3.700083122253417969e+02
3.531897525787353516e+02
3.658036723136901855e+02
3.426781527996063232e+02
3.111433534622192383e+02
2.985294337272644043e+02
3.237572731971740723e+02
3.721106321811676025e+02
4.120547113418579102e+02
4.141570312976837158e+02
4.141570312976837158e+02
4.372825508117675781e+02
4.519987905025482178e+02
4.393848707675933838e+02
3.910315117835998535e+02
4.099523913860321045e+02
4.162593512535095215e+02
4.225663111209869385e+02
3.910315117835998535e+02
4.246686310768127441e+02
3.952361516952514648e+02
4.162593512535095215e+02
4.288732709884643555e+02
3.826222319602966309e+02
4.435895106792449951e+02
4.856359097957611084e+02
4.541011104583740234e+02
3.468827927112579346e+02
4.372825508117675781e+02
4.604080703258514404e+02
4.414871907234191895e+02
3.384735128879547119e+02
4.477941505908966064e+02
4.919428696632385254e+02
4.414871907234191895e+02
3.426781527996063232e+02
4.414871907234191895e+02
5.024544694423675537e+02
4.330779109001159668e+02
3.447804727554321289e+02
4.162593512535095215e+02
4.625103902816772461e+02
3.931338317394256592e+02
3.573943924903869629e+02
4.120547113418579102e+02
4.372825508117675781e+02
3.910315117835998535e+02
3.784175920486450195e+02
4.183616712093353271e+02
4.414871907234191895e+02
4.246686310768127441e+02
3.910315117835998535e+02
4.246686310768127441e+02
4.498964705467224121e+02
4.288732709884643555e+02
3.994407916069030762e+02
4.246686310768127441e+02
4.562034304141998291e+02
4.036454315185546875e+02
3.868268718719482422e+02
4.204639911651611328e+02
4.393848707675933838e+02
3.994407916069030762e+02
3.552920725345611572e+02
4.288732709884643555e+02
3.910315117835998535e+02
4.120547113418579102e+02
3.258595931529998779e+02
4.562034304141998291e+02
3.363711929321289062e+02
4.162593512535095215e+02
3.174503133296966553e+02
4.751243100166320801e+02
3.342688729763031006e+02
4.141570312976837158e+02
2.985294337272644043e+02
3.784175920486450195e+02
3.994407916069030762e+02
2.964271137714385986e+02
3.910315117835998535e+02
3.784175920486450195e+02
3.679059922695159912e+02
3.889291918277740479e+02
4.709196701049804688e+02
4.141570312976837158e+02
4.814312698841094971e+02
4.120547113418579102e+02
4.015431115627288818e+02
4.015431115627288818e+02
3.868268718719482422e+02
3.994407916069030762e+02
4.162593512535095215e+02
4.141570312976837158e+02
3.889291918277740479e+02
3.615990324020385742e+02
3.573943924903869629e+02
3.700083122253417969e+02
3.721106321811676025e+02
3.658036723136901855e+02
3.384735128879547119e+02
3.237572731971740723e+02
3.552920725345611572e+02
3.931338317394256592e+02
4.036454315185546875e+02
4.120547113418579102e+02
4.393848707675933838e+02
4.667150301933288574e+02
4.141570312976837158e+02
4.036454315185546875e+02
4.309755909442901611e+02
4.330779109001159668e+02
4.330779109001159668e+02
4.015431115627288818e+02
4.288732709884643555e+02
4.267709510326385498e+02
4.288732709884643555e+02
4.919428696632385254e+02
3.952361516952514648e+02
4.814312698841094971e+02
4.940451896190643311e+02
4.835335898399353027e+02
3.468827927112579346e+02
4.183616712093353271e+02
4.625103902816772461e+02
4.477941505908966064e+02
3.321665530204772949e+02
4.057477514743804932e+02
4.919428696632385254e+02
4.330779109001159668e+02
3.426781527996063232e+02
4.372825508117675781e+02
5.003521494865417480e+02
4.330779109001159668e+02
3.447804727554321289e+02
4.330779109001159668e+02
4.562034304141998291e+02
4.057477514743804932e+02
3.531897525787353516e+02
4.015431115627288818e+02
4.288732709884643555e+02
3.952361516952514648e+02
3.679059922695159912e+02
3.931338317394256592e+02
4.372825508117675781e+02
4.225663111209869385e+02
3.868268718719482422e+02
4.120547113418579102e+02
4.498964705467224121e+02
4.372825508117675781e+02
3.931338317394256592e+02
4.183616712093353271e+02
4.456918306350708008e+02
4.183616712093353271e+02
3.679059922695159912e+02
4.183616712093353271e+02
4.204639911651611328e+02
4.015431115627288818e+02
3.405758328437805176e+02
4.225663111209869385e+02
3.910315117835998535e+02
4.120547113418579102e+02
3.468827927112579346e+02
4.267709510326385498e+02
3.658036723136901855e+02
4.288732709884643555e+02
3.594967124462127686e+02
4.330779109001159668e+02
3.489851126670837402e+02
4.183616712093353271e+02
3.258595931529998779e+02
4.814312698841094971e+02
3.700083122253417969e+02
3.889291918277740479e+02
2.943247938156127930e+02
3.931338317394256592e+02
3.742129521369934082e+02
3.363711929321289062e+02
3.931338317394256592e+02
4.246686310768127441e+02
4.120547113418579102e+02
4.583057503700256348e+02
4.057477514743804932e+02
4.099523913860321045e+02
4.015431115627288818e+02
3.573943924903869629e+02
3.994407916069030762e+02
4.057477514743804932e+02
4.015431115627288818e+02
3.868268718719482422e+02
3.742129521369934082e+02
3.805199120044708252e+02
3.847245519161224365e+02
3.889291918277740479e+02
4.057477514743804932e+02
4.225663111209869385e+02
3.994407916069030762e+02
3.594967124462127686e+02
3.615990324020385742e+02
3.910315117835998535e+02
3.973384716510772705e+02
4.078500714302062988e+02
4.351802308559417725e+02
4.730219900608062744e+02
4.078500714302062988e+02
3.952361516952514648e+02
4.435895106792449951e+02
4.435895106792449951e+02
4.456918306350708008e+02
4.162593512535095215e+02
4.246686310768127441e+02
4.477941505908966064e+02
4.246686310768127441e+02
5.255799889564514160e+02
4.435895106792449951e+02
4.036454315185546875e+02
5.066591093540191650e+02
4.793289499282836914e+02
3.658036723136901855e+02
4.036454315185546875e+02
4.583057503700256348e+02
4.372825508117675781e+02
3.531897525787353516e+02
3.763152720928192139e+02
4.856359097957611084e+02
4.078500714302062988e+02
3.510874326229095459e+02
4.225663111209869385e+02
4.961475095748901367e+02
4.078500714302062988e+02
3.531897525787353516e+02
4.414871907234191895e+02
4.541011104583740234e+02
4.015431115627288818e+02
3.721106321811676025e+02
4.099523913860321045e+02
4.246686310768127441e+02
3.994407916069030762e+02
3.889291918277740479e+02
3.910315117835998535e+02
4.372825508117675781e+02
4.225663111209869385e+02
3.994407916069030762e+02
4.036454315185546875e+02
4.477941505908966064e+02
4.456918306350708008e+02
3.910315117835998535e+02
4.099523913860321045e+02
4.288732709884643555e+02
4.372825508117675781e+02
3.531897525787353516e+02
4.120547113418579102e+02
3.931338317394256592e+02
4.099523913860321045e+02
3.342688729763031006e+02
4.141570312976837158e+02
3.931338317394256592e+02
4.120547113418579102e+02
3.700083122253417969e+02
3.994407916069030762e+02
3.973384716510772705e+02
4.183616712093353271e+02
3.952361516952514648e+02
3.868268718719482422e+02
3.679059922695159912e+02
3.910315117835998535e+02
3.637013523578643799e+02
4.330779109001159668e+02
3.721106321811676025e+02
3.489851126670837402e+02
3.195526332855224609e+02
3.615990324020385742e+02
3.216549532413482666e+02
4.099523913860321045e+02
3.637013523578643799e+02
4.078500714302062988e+02
3.973384716510772705e+02
3.721106321811676025e+02
3.847245519161224365e+02
3.721106321811676025e+02
3.531897525787353516e+02
3.763152720928192139e+02
4.267709510326385498e+02
4.204639911651611328e+02
4.162593512535095215e+02
3.973384716510772705e+02
3.721106321811676025e+02
3.784175920486450195e+02
4.141570312976837158e+02
4.288732709884643555e+02
4.183616712093353271e+02
4.246686310768127441e+02
4.435895106792449951e+02
4.246686310768127441e+02
3.847245519161224365e+02
3.742129521369934082e+02
3.847245519161224365e+02
3.910315117835998535e+02
3.994407916069030762e+02
4.225663111209869385e+02
4.541011104583740234e+02
3.952361516952514648e+02
3.679059922695159912e+02
4.330779109001159668e+02
4.267709510326385498e+02
4.372825508117675781e+02
4.015431115627288818e+02
4.162593512535095215e+02
4.309755909442901611e+02
4.204639911651611328e+02
5.066591093540191650e+02
4.183616712093353271e+02
4.078500714302062988e+02
5.045567893981933594e+02
4.562034304141998291e+02
3.931338317394256592e+02
4.162593512535095215e+02
4.604080703258514404e+02
4.267709510326385498e+02
3.868268718719482422e+02
3.826222319602966309e+02
4.793289499282836914e+02
3.931338317394256592e+02
3.721106321811676025e+02
4.183616712093353271e+02
4.898405497074127197e+02
3.847245519161224365e+02
3.637013523578643799e+02
4.456918306350708008e+02
4.583057503700256348e+02
4.015431115627288818e+02
3.889291918277740479e+02
4.288732709884643555e+02
4.330779109001159668e+02
4.120547113418579102e+02
4.099523913860321045e+02
4.078500714302062988e+02
4.477941505908966064e+02
4.162593512535095215e+02
4.141570312976837158e+02
4.099523913860321045e+02
4.562034304141998291e+02
4.393848707675933838e+02
3.994407916069030762e+02
4.099523913860321045e+02
4.204639911651611328e+02
4.498964705467224121e+02
3.594967124462127686e+02
4.078500714302062988e+02
3.805199120044708252e+02
4.204639911651611328e+02
3.489851126670837402e+02
4.141570312976837158e+02
3.952361516952514648e+02
4.015431115627288818e+02
3.805199120044708252e+02
3.994407916069030762e+02
4.099523913860321045e+02
4.057477514743804932e+02
3.994407916069030762e+02
3.700083122253417969e+02
3.826222319602966309e+02
3.658036723136901855e+02
3.847245519161224365e+02
3.889291918277740479e+02
3.868268718719482422e+02
3.090410335063934326e+02
3.573943924903869629e+02
3.426781527996063232e+02
3.363711929321289062e+02
4.456918306350708008e+02
3.363711929321289062e+02
4.267709510326385498e+02
3.573943924903869629e+02
3.342688729763031006e+02
3.468827927112579346e+02
3.216549532413482666e+02
3.321665530204772949e+02
3.510874326229095459e+02
4.246686310768127441e+02
4.183616712093353271e+02
4.288732709884643555e+02
4.204639911651611328e+02
3.868268718719482422e+02
3.889291918277740479e+02
4.372825508117675781e+02
4.604080703258514404e+02
4.414871907234191895e+02
4.267709510326385498e+02
4.246686310768127441e+02
4.078500714302062988e+02
3.847245519161224365e+02
3.805199120044708252e+02
3.805199120044708252e+02
3.826222319602966309e+02
3.994407916069030762e+02
4.246686310768127441e+02
4.372825508117675781e+02
3.931338317394256592e+02
3.658036723136901855e+02
4.141570312976837158e+02
4.057477514743804932e+02
3.952361516952514648e+02
4.162593512535095215e+02
3.679059922695159912e+02
4.120547113418579102e+02
3.889291918277740479e+02
4.120547113418579102e+02
4.646127102375030518e+02
3.868268718719482422e+02
4.099523913860321045e+02
4.877382297515869141e+02
4.267709510326385498e+02
4.183616712093353271e+02
4.330779109001159668e+02
4.646127102375030518e+02
4.288732709884643555e+02
4.225663111209869385e+02
3.994407916069030762e+02
4.688173501491546631e+02
4.015431115627288818e+02
3.973384716510772705e+02
4.246686310768127441e+02
4.772266299724578857e+02
3.868268718719482422e+02
3.826222319602966309e+02
4.541011104583740234e+02
4.583057503700256348e+02
4.162593512535095215e+02
4.015431115627288818e+02
4.498964705467224121e+02
4.435895106792449951e+02
4.330779109001159668e+02
4.183616712093353271e+02
4.267709510326385498e+02
4.625103902816772461e+02
4.078500714302062988e+02
4.225663111209869385e+02
4.162593512535095215e+02
4.667150301933288574e+02
4.120547113418579102e+02
4.120547113418579102e+02
4.078500714302062988e+02
4.246686310768127441e+02
4.435895106792449951e+02
3.847245519161224365e+02
4.078500714302062988e+02
3.889291918277740479e+02
4.204639911651611328e+02
3.679059922695159912e+02
4.141570312976837158e+02
3.994407916069030762e+02
3.805199120044708252e+02
3.700083122253417969e+02
4.099523913860321045e+02
4.036454315185546875e+02
3.889291918277740479e+02
3.742129521369934082e+02
3.763152720928192139e+02
3.910315117835998535e+02
3.658036723136901855e+02
3.889291918277740479e+02
3.637013523578643799e+02
3.973384716510772705e+02
3.048363935947418213e+02
3.889291918277740479e+02
3.363711929321289062e+02
3.594967124462127686e+02
4.688173501491546631e+02
3.468827927112579346e+02
4.519987905025482178e+02
3.615990324020385742e+02
3.153479933738708496e+02
3.342688729763031006e+02
2.880178339481353760e+02
3.069387135505676270e+02
3.489851126670837402e+02
4.141570312976837158e+02
3.973384716510772705e+02
4.309755909442901611e+02
4.456918306350708008e+02
4.099523913860321045e+02
3.994407916069030762e+02
4.330779109001159668e+02
4.562034304141998291e+02
4.477941505908966064e+02
4.309755909442901611e+02
4.015431115627288818e+02
3.742129521369934082e+02
3.763152720928192139e+02
3.826222319602966309e+02
3.700083122253417969e+02
3.742129521369934082e+02
4.078500714302062988e+02
4.372825508117675781e+02
4.414871907234191895e+02
4.204639911651611328e+02
3.994407916069030762e+02
3.994407916069030762e+02
4.036454315185546875e+02
3.763152720928192139e+02
4.057477514743804932e+02
3.510874326229095459e+02
4.099523913860321045e+02
3.763152720928192139e+02
4.120547113418579102e+02
4.477941505908966064e+02
3.679059922695159912e+02
4.162593512535095215e+02
4.772266299724578857e+02
4.162593512535095215e+02
4.393848707675933838e+02
4.309755909442901611e+02
4.414871907234191895e+02
4.456918306350708008e+02
3.973384716510772705e+02
4.414871907234191895e+02
4.309755909442901611e+02
4.141570312976837158e+02
4.246686310768127441e+02
4.414871907234191895e+02
4.162593512535095215e+02
3.973384716510772705e+02
4.667150301933288574e+02
4.435895106792449951e+02
4.351802308559417725e+02
4.099523913860321045e+02
4.646127102375030518e+02
4.456918306350708008e+02
4.456918306350708008e+02
4.120547113418579102e+02
4.267709510326385498e+02
4.646127102375030518e+02
3.973384716510772705e+02
4.078500714302062988e+02
4.099523913860321045e+02
4.646127102375030518e+02
3.805199120044708252e+02
4.120547113418579102e+02
4.015431115627288818e+02
4.225663111209869385e+02
4.225663111209869385e+02
4.015431115627288818e+02
4.015431115627288818e+02
3.952361516952514648e+02
4.099523913860321045e+02
3.784175920486450195e+02
4.099523913860321045e+02
4.015431115627288818e+02
3.552920725345611572e+02
3.552920725345611572e+02
4.162593512535095215e+02
4.057477514743804932e+02
3.721106321811676025e+02
3.573943924903869629e+02
3.763152720928192139e+02
4.141570312976837158e+02
3.952361516952514648e+02
3.868268718719482422e+02
3.510874326229095459e+02
3.279619131088256836e+02
3.994407916069030762e+02
3.363711929321289062e+02
3.679059922695159912e+02
4.625103902816772461e+02
3.679059922695159912e+02
4.541011104583740234e+02
3.805199120044708252e+02
3.111433534622192383e+02
3.447804727554321289e+02
2.817108740806579590e+02
3.069387135505676270e+02
3.763152720928192139e+02
4.309755909442901611e+02
3.994407916069030762e+02
4.288732709884643555e+02
4.541011104583740234e+02
4.267709510326385498e+02
4.141570312976837158e+02
4.246686310768127441e+02
4.309755909442901611e+02
4.372825508117675781e+02
4.414871907234191895e+02
3.994407916069030762e+02
3.594967124462127686e+02
3.721106321811676025e+02
3.868268718719482422e+02
3.700083122253417969e+02
3.763152720928192139e+02
4.183616712093353271e+02
4.477941505908966064e+02
4.604080703258514404e+02
4.688173501491546631e+02
4.456918306350708008e+02
3.931338317394256592e+02
4.225663111209869385e+02
3.868268718719482422e+02
4.036454315185546875e+02
3.700083122253417969e+02
4.057477514743804932e+02
3.952361516952514648e+02
4.162593512535095215e+02
4.625103902816772461e+02
3.763152720928192139e+02
4.351802308559417725e+02
4.751243100166320801e+02
4.267709510326385498e+02
4.625103902816772461e+02
4.078500714302062988e+02
4.541011104583740234e+02
4.541011104583740234e+02
3.742129521369934082e+02
4.646127102375030518e+02
4.099523913860321045e+02
4.204639911651611328e+02
3.973384716510772705e+02
4.435895106792449951e+02
3.994407916069030762e+02
4.709196701049804688e+02
4.141570312976837158e+02
4.309755909442901611e+02
4.120547113418579102e+02
4.646127102375030518e+02
4.309755909442901611e+02
4.330779109001159668e+02
4.015431115627288818e+02
4.162593512535095215e+02
4.477941505908966064e+02
3.889291918277740479e+02
3.847245519161224365e+02
3.994407916069030762e+02
4.414871907234191895e+02
3.552920725345611572e+02
3.952361516952514648e+02
3.973384716510772705e+02
4.057477514743804932e+02
3.994407916069030762e+02
3.952361516952514648e+02
3.994407916069030762e+02
3.805199120044708252e+02
4.036454315185546875e+02
3.721106321811676025e+02
4.099523913860321045e+02
3.847245519161224365e+02
3.405758328437805176e+02
3.531897525787353516e+02
4.183616712093353271e+02
4.099523913860321045e+02
3.510874326229095459e+02
3.658036723136901855e+02
3.763152720928192139e+02
4.057477514743804932e+02
3.784175920486450195e+02
3.489851126670837402e+02
3.679059922695159912e+02
3.784175920486450195e+02
3.426781527996063232e+02
3.615990324020385742e+02
4.267709510326385498e+02
3.763152720928192139e+02
4.267709510326385498e+02
3.868268718719482422e+02
3.048363935947418213e+02
3.573943924903869629e+02
2.985294337272644043e+02
3.279619131088256836e+02
3.973384716510772705e+02
4.772266299724578857e+02
4.372825508117675781e+02
4.351802308559417725e+02
4.435895106792449951e+02
4.351802308559417725e+02
4.351802308559417725e+02
4.267709510326385498e+02
4.120547113418579102e+02
4.267709510326385498e+02
4.519987905025482178e+02
4.141570312976837158e+02
3.637013523578643799e+02
3.721106321811676025e+02
3.868268718719482422e+02
3.784175920486450195e+02
3.889291918277740479e+02
4.204639911651611328e+02
4.351802308559417725e+02
4.625103902816772461e+02
4.730219900608062744e+02
3.889291918277740479e+02
4.351802308559417725e+02
4.099523913860321045e+02
4.036454315185546875e+02
4.036454315185546875e+02
3.952361516952514648e+02
4.267709510326385498e+02
4.162593512535095215e+02
4.730219900608062744e+02
4.541011104583740234e+02
4.583057503700256348e+02
4.435895106792449951e+02
4.814312698841094971e+02
3.847245519161224365e+02
4.583057503700256348e+02
4.498964705467224121e+02
3.637013523578643799e+02
4.772266299724578857e+02
3.994407916069030762e+02
4.183616712093353271e+02
4.498964705467224121e+02
3.889291918277740479e+02
4.646127102375030518e+02
4.015431115627288818e+02
4.015431115627288818e+02
4.519987905025482178e+02
3.973384716510772705e+02
3.868268718719482422e+02
4.141570312976837158e+02
4.183616712093353271e+02
3.784175920486450195e+02
3.658036723136901855e+02
4.036454315185546875e+02
4.099523913860321045e+02
3.468827927112579346e+02
3.763152720928192139e+02
3.994407916069030762e+02
3.826222319602966309e+02
3.868268718719482422e+02
3.763152720928192139e+02
4.015431115627288818e+02
4.099523913860321045e+02
3.615990324020385742e+02
4.141570312976837158e+02
3.531897525787353516e+02
3.700083122253417969e+02
4.204639911651611328e+02
3.363711929321289062e+02
3.910315117835998535e+02
3.784175920486450195e+02
3.847245519161224365e+02
3.658036723136901855e+02
3.531897525787353516e+02
3.763152720928192139e+02
3.363711929321289062e+02
3.489851126670837402e+02
3.426781527996063232e+02
3.742129521369934082e+02
3.742129521369934082e+02
3.594967124462127686e+02
3.721106321811676025e+02
3.069387135505676270e+02
3.531897525787353516e+02
3.342688729763031006e+02
4.877382297515869141e+02
4.519987905025482178e+02
4.351802308559417725e+02
4.414871907234191895e+02
4.562034304141998291e+02
4.435895106792449951e+02
4.162593512535095215e+02
4.267709510326385498e+02
4.541011104583740234e+02
4.246686310768127441e+02
3.679059922695159912e+02
3.615990324020385742e+02
3.805199120044708252e+02
3.931338317394256592e+02
4.141570312976837158e+02
4.225663111209869385e+02
4.078500714302062988e+02
4.688173501491546631e+02
3.847245519161224365e+02
4.309755909442901611e+02
4.183616712093353271e+02
3.931338317394256592e+02
4.162593512535095215e+02
3.742129521369934082e+02
4.351802308559417725e+02
4.036454315185546875e+02
4.604080703258514404e+02
4.625103902816772461e+02
4.351802308559417725e+02
4.583057503700256348e+02
4.856359097957611084e+02
3.868268718719482422e+02
4.498964705467224121e+02
4.414871907234191895e+02
3.889291918277740479e+02
4.625103902816772461e+02
3.931338317394256592e+02
4.246686310768127441e+02
4.372825508117675781e+02
3.805199120044708252e+02
4.414871907234191895e+02
3.700083122253417969e+02
3.826222319602966309e+02
4.330779109001159668e+02
3.573943924903869629e+02
3.700083122253417969e+02
4.246686310768127441e+02
3.700083122253417969e+02
3.615990324020385742e+02
4.183616712093353271e+02
3.552920725345611572e+02
3.658036723136901855e+02
4.078500714302062988e+02
3.847245519161224365e+02
3.615990324020385742e+02
4.015431115627288818e+02
4.183616712093353271e+02
3.594967124462127686e+02
4.141570312976837158e+02
3.784175920486450195e+02
3.910315117835998535e+02
4.246686310768127441e+02
3.342688729763031006e+02
4.036454315185546875e+02
3.910315117835998535e+02
3.510874326229095459e+02
3.447804727554321289e+02
3.510874326229095459e+02
3.594967124462127686e+02
2.943247938156127930e+02
3.468827927112579346e+02
3.321665530204772949e+02
3.405758328437805176e+02
3.721106321811676025e+02
3.279619131088256836e+02
3.552920725345611572e+02
3.279619131088256836e+02
3.363711929321289062e+02
3.615990324020385742e+02
5.213753490447998047e+02
5.066591093540191650e+02
4.604080703258514404e+02
4.372825508117675781e+02
4.541011104583740234e+02
4.730219900608062744e+02
4.646127102375030518e+02
4.372825508117675781e+02
4.330779109001159668e+02
4.414871907234191895e+02
4.141570312976837158e+02
3.615990324020385742e+02
3.489851126670837402e+02
3.700083122253417969e+02
4.036454315185546875e+02
4.351802308559417725e+02
4.267709510326385498e+02
3.868268718719482422e+02
4.477941505908966064e+02
3.721106321811676025e+02
4.225663111209869385e+02
3.910315117835998535e+02
3.784175920486450195e+02
3.952361516952514648e+02
3.510874326229095459e+02
4.225663111209869385e+02
3.847245519161224365e+02
4.372825508117675781e+02
4.435895106792449951e+02
4.183616712093353271e+02
4.667150301933288574e+02
4.078500714302062988e+02
4.309755909442901611e+02
4.330779109001159668e+02
4.225663111209869385e+02
4.288732709884643555e+02
4.036454315185546875e+02
4.204639911651611328e+02
4.204639911651611328e+02
3.868268718719482422e+02
4.057477514743804932e+02
3.742129521369934082e+02
3.700083122253417969e+02
4.141570312976837158e+02
3.489851126670837402e+02
3.552920725345611572e+02
4.267709510326385498e+02
3.658036723136901855e+02
3.615990324020385742e+02
4.162593512535095215e+02
3.679059922695159912e+02
3.700083122253417969e+02
4.015431115627288818e+02
3.889291918277740479e+02
3.637013523578643799e+02
4.015431115627288818e+02
4.183616712093353271e+02
3.637013523578643799e+02
4.120547113418579102e+02
3.973384716510772705e+02
3.889291918277740479e+02
4.141570312976837158e+02
3.447804727554321289e+02
3.826222319602966309e+02
3.952361516952514648e+02
3.279619131088256836e+02
3.216549532413482666e+02
3.489851126670837402e+02
3.384735128879547119e+02
2.817108740806579590e+02
3.405758328437805176e+02
3.237572731971740723e+02
3.279619131088256836e+02
3.658036723136901855e+02
3.279619131088256836e+02
3.447804727554321289e+02
3.573943924903869629e+02
3.216549532413482666e+02
4.667150301933288574e+02
4.898405497074127197e+02
4.877382297515869141e+02
4.541011104583740234e+02
4.435895106792449951e+02
4.688173501491546631e+02
4.856359097957611084e+02
4.772266299724578857e+02
4.562034304141998291e+02
4.351802308559417725e+02
4.120547113418579102e+02
3.889291918277740479e+02
3.510874326229095459e+02
3.363711929321289062e+02
3.658036723136901855e+02
4.162593512535095215e+02
4.435895106792449951e+02
4.267709510326385498e+02
3.637013523578643799e+02
4.204639911651611328e+02
3.573943924903869629e+02
3.763152720928192139e+02
3.573943924903869629e+02
3.384735128879547119e+02
3.931338317394256592e+02
3.573943924903869629e+02
4.183616712093353271e+02
4.057477514743804932e+02
4.204639911651611328e+02
4.288732709884643555e+02
4.330779109001159668e+02
4.078500714302062988e+02
4.225663111209869385e+02
4.372825508117675781e+02
3.952361516952514648e+02
4.120547113418579102e+02
3.994407916069030762e+02
4.057477514743804932e+02
4.036454315185546875e+02
3.721106321811676025e+02
4.057477514743804932e+02
3.805199120044708252e+02
3.910315117835998535e+02
3.805199120044708252e+02
3.637013523578643799e+02
4.057477514743804932e+02
3.742129521369934082e+02
3.742129521369934082e+02
3.805199120044708252e+02
3.763152720928192139e+02
3.826222319602966309e+02
3.847245519161224365e+02
3.910315117835998535e+02
3.721106321811676025e+02
4.099523913860321045e+02
4.057477514743804932e+02
3.658036723136901855e+02
4.141570312976837158e+02
3.973384716510772705e+02
3.658036723136901855e+02
3.889291918277740479e+02
3.489851126670837402e+02
3.426781527996063232e+02
3.742129521369934082e+02
3.174503133296966553e+02
3.006317536830902100e+02
3.468827927112579346e+02
3.237572731971740723e+02
2.901201539039611816e+02
3.363711929321289062e+02
3.174503133296966553e+02
3.384735128879547119e+02
3.468827927112579346e+02
3.594967124462127686e+02
3.384735128879547119e+02
3.931338317394256592e+02
4.541011104583740234e+02
4.604080703258514404e+02
4.604080703258514404e+02
4.456918306350708008e+02
4.456918306350708008e+02
4.730219900608062744e+02
4.814312698841094971e+02
4.709196701049804688e+02
4.519987905025482178e+02
4.183616712093353271e+02
3.847245519161224365e+02
3.721106321811676025e+02
3.531897525787353516e+02
3.510874326229095459e+02
3.868268718719482422e+02
4.288732709884643555e+02
4.414871907234191895e+02
4.246686310768127441e+02
3.721106321811676025e+02
3.489851126670837402e+02
3.763152720928192139e+02
3.405758328437805176e+02
3.426781527996063232e+02
3.658036723136901855e+02
3.384735128879547119e+02
3.973384716510772705e+02
3.700083122253417969e+02
4.204639911651611328e+02
4.036454315185546875e+02
4.414871907234191895e+02
4.162593512535095215e+02
4.183616712093353271e+02
3.805199120044708252e+02
4.078500714302062988e+02
3.637013523578643799e+02
4.015431115627288818e+02
4.099523913860321045e+02
3.510874326229095459e+02
4.414871907234191895e+02
4.057477514743804932e+02
3.721106321811676025e+02
4.330779109001159668e+02
3.889291918277740479e+02
3.637013523578643799e+02
3.952361516952514648e+02
3.826222319602966309e+02
3.384735128879547119e+02
3.784175920486450195e+02
3.910315117835998535e+02
3.658036723136901855e+02
3.889291918277740479e+02
3.868268718719482422e+02
4.225663111209869385e+02
3.952361516952514648e+02
3.721106321811676025e+02
4.204639911651611328e+02
3.847245519161224365e+02
3.468827927112579346e+02
3.637013523578643799e+02
3.489851126670837402e+02
3.237572731971740723e+02
3.321665530204772949e+02
3.195526332855224609e+02
3.090410335063934326e+02
3.363711929321289062e+02
3.258595931529998779e+02
3.090410335063934326e+02
3.384735128879547119e+02
3.216549532413482666e+02
3.510874326229095459e+02
3.321665530204772949e+02
3.868268718719482422e+02
4.919428696632385254e+02
4.604080703258514404e+02
4.541011104583740234e+02
4.583057503700256348e+02
4.456918306350708008e+02
4.393848707675933838e+02
4.604080703258514404e+02
4.604080703258514404e+02
4.393848707675933838e+02
4.204639911651611328e+02
3.931338317394256592e+02
3.700083122253417969e+02
3.700083122253417969e+02
3.700083122253417969e+02
3.826222319602966309e+02
4.267709510326385498e+02
4.477941505908966064e+02
4.267709510326385498e+02
3.952361516952514648e+02
3.763152720928192139e+02
3.721106321811676025e+02
3.573943924903869629e+02
3.531897525787353516e+02
3.594967124462127686e+02
3.363711929321289062e+02
3.721106321811676025e+02
3.552920725345611572e+02
4.078500714302062988e+02
4.036454315185546875e+02
4.351802308559417725e+02
4.183616712093353271e+02
4.183616712093353271e+02
3.931338317394256592e+02
3.847245519161224365e+02
3.847245519161224365e+02
3.384735128879547119e+02
4.015431115627288818e+02
3.889291918277740479e+02
3.363711929321289062e+02
4.541011104583740234e+02
4.246686310768127441e+02
3.510874326229095459e+02
4.709196701049804688e+02
4.141570312976837158e+02
3.258595931529998779e+02
4.183616712093353271e+02
3.826222319602966309e+02
3.174503133296966553e+02
3.847245519161224365e+02
3.889291918277740479e+02
3.615990324020385742e+02
3.931338317394256592e+02
4.099523913860321045e+02
4.267709510326385498e+02
3.994407916069030762e+02
3.889291918277740479e+02
4.267709510326385498e+02
3.763152720928192139e+02
3.489851126670837402e+02
3.573943924903869629e+02
3.447804727554321289e+02
3.300642330646514893e+02
3.027340736389160156e+02
3.342688729763031006e+02
3.279619131088256836e+02
3.216549532413482666e+02
3.384735128879547119e+02
3.300642330646514893e+02
3.447804727554321289e+02
3.468827927112579346e+02
3.615990324020385742e+02
3.510874326229095459e+02
5.087614293098449707e+02
4.709196701049804688e+02
4.646127102375030518e+02
4.751243100166320801e+02
4.541011104583740234e+02
4.372825508117675781e+02
4.477941505908966064e+02
4.330779109001159668e+02
3.931338317394256592e+02
3.721106321811676025e+02
3.721106321811676025e+02
3.742129521369934082e+02
3.784175920486450195e+02
3.847245519161224365e+02
4.078500714302062988e+02
4.456918306350708008e+02
4.435895106792449951e+02
4.267709510326385498e+02
3.889291918277740479e+02
4.141570312976837158e+02
3.700083122253417969e+02
3.910315117835998535e+02
3.721106321811676025e+02
3.721106321811676025e+02
3.594967124462127686e+02
3.552920725345611572e+02
3.552920725345611572e+02
3.847245519161224365e+02
4.099523913860321045e+02
4.225663111209869385e+02
4.435895106792449951e+02
4.330779109001159668e+02
3.868268718719482422e+02
4.120547113418579102e+02
3.721106321811676025e+02
3.384735128879547119e+02
4.036454315185546875e+02
3.594967124462127686e+02
3.300642330646514893e+02
4.541011104583740234e+02
4.057477514743804932e+02
3.342688729763031006e+02
4.814312698841094971e+02
4.015431115627288818e+02
3.132456734180450439e+02
4.372825508117675781e+02
3.531897525787353516e+02
3.279619131088256836e+02
3.952361516952514648e+02
3.679059922695159912e+02
3.721106321811676025e+02
4.036454315185546875e+02
4.204639911651611328e+02
4.141570312976837158e+02
4.099523913860321045e+02
4.057477514743804932e+02
4.204639911651611328e+02
3.784175920486450195e+02
3.637013523578643799e+02
3.700083122253417969e+02
3.637013523578643799e+02
3.510874326229095459e+02
3.090410335063934326e+02
3.700083122253417969e+02
3.447804727554321289e+02
3.216549532413482666e+02
3.700083122253417969e+02
3.468827927112579346e+02
3.489851126670837402e+02
3.847245519161224365e+02
3.489851126670837402e+02
5.234776690006256104e+02
5.003521494865417480e+02
4.730219900608062744e+02
4.751243100166320801e+02
4.835335898399353027e+02
4.562034304141998291e+02
4.372825508117675781e+02
4.456918306350708008e+02
4.078500714302062988e+02
3.384735128879547119e+02
3.342688729763031006e+02
3.658036723136901855e+02
3.868268718719482422e+02
3.868268718719482422e+02
3.910315117835998535e+02
4.141570312976837158e+02
4.288732709884643555e+02
4.099523913860321045e+02
3.700083122253417969e+02
4.498964705467224121e+02
3.931338317394256592e+02
4.351802308559417725e+02
3.826222319602966309e+02
4.162593512535095215e+02
3.973384716510772705e+02
3.952361516952514648e+02
3.868268718719482422e+02
3.573943924903869629e+02
3.658036723136901855e+02
3.615990324020385742e+02
4.036454315185546875e+02
4.078500714302062988e+02
4.015431115627288818e+02
4.583057503700256348e+02
4.498964705467224121e+02
3.931338317394256592e+02
4.456918306350708008e+02
3.889291918277740479e+02
3.531897525787353516e+02
4.246686310768127441e+02
3.384735128879547119e+02
3.342688729763031006e+02
4.541011104583740234e+02
3.615990324020385742e+02
3.279619131088256836e+02
4.751243100166320801e+02
3.552920725345611572e+02
3.279619131088256836e+02
4.435895106792449951e+02
3.132456734180450439e+02
3.594967124462127686e+02
4.036454315185546875e+02
3.510874326229095459e+02
3.826222319602966309e+02
4.141570312976837158e+02
4.141570312976837158e+02
3.805199120044708252e+02
4.120547113418579102e+02
4.078500714302062988e+02
3.889291918277740479e+02
3.931338317394256592e+02
3.826222319602966309e+02
3.847245519161224365e+02
4.036454315185546875e+02
3.826222319602966309e+02
3.531897525787353516e+02
4.288732709884643555e+02
3.658036723136901855e+02
4.099523913860321045e+02
3.594967124462127686e+02
3.510874326229095459e+02
4.120547113418579102e+02
3.216549532413482666e+02
3.489851126670837402e+02
5.003521494865417480e+02
4.835335898399353027e+02
4.688173501491546631e+02
4.751243100166320801e+02
4.688173501491546631e+02
4.372825508117675781e+02
4.351802308559417725e+02
4.519987905025482178e+02
4.057477514743804932e+02
3.216549532413482666e+02
3.258595931529998779e+02
3.763152720928192139e+02
4.015431115627288818e+02
3.910315117835998535e+02
3.931338317394256592e+02
3.994407916069030762e+02
3.910315117835998535e+02
3.679059922695159912e+02
3.615990324020385742e+02
4.015431115627288818e+02
4.477941505908966064e+02
4.015431115627288818e+02
4.267709510326385498e+02
4.036454315185546875e+02
4.120547113418579102e+02
4.204639911651611328e+02
4.099523913860321045e+02
4.099523913860321045e+02
3.784175920486450195e+02
3.742129521369934082e+02
3.510874326229095459e+02
4.015431115627288818e+02
3.910315117835998535e+02
3.700083122253417969e+02
4.625103902816772461e+02
4.562034304141998291e+02
3.847245519161224365e+02
4.709196701049804688e+02
4.330779109001159668e+02
3.637013523578643799e+02
4.625103902816772461e+02
3.552920725345611572e+02
3.426781527996063232e+02
4.709196701049804688e+02
3.342688729763031006e+02
3.363711929321289062e+02
4.625103902816772461e+02
3.258595931529998779e+02
3.510874326229095459e+02
4.288732709884643555e+02
3.132456734180450439e+02
3.784175920486450195e+02
4.036454315185546875e+02
3.552920725345611572e+02
3.847245519161224365e+02
4.078500714302062988e+02
4.015431115627288818e+02
3.468827927112579346e+02
4.057477514743804932e+02
3.847245519161224365e+02
3.405758328437805176e+02
4.099523913860321045e+02
3.679059922695159912e+02
3.784175920486450195e+02
4.435895106792449951e+02
3.868268718719482422e+02
4.015431115627288818e+02
4.751243100166320801e+02
3.826222319602966309e+02
4.351802308559417725e+02
3.700083122253417969e+02
3.489851126670837402e+02
4.078500714302062988e+02
2.985294337272644043e+02
3.258595931529998779e+02
4.835335898399353027e+02
4.730219900608062744e+02
4.688173501491546631e+02
4.667150301933288574e+02
4.456918306350708008e+02
4.120547113418579102e+02
4.225663111209869385e+02
4.519987905025482178e+02
4.204639911651611328e+02
3.489851126670837402e+02
3.510874326229095459e+02
4.015431115627288818e+02
4.162593512535095215e+02
4.057477514743804932e+02
3.994407916069030762e+02
3.889291918277740479e+02
3.594967124462127686e+02
3.531897525787353516e+02
3.742129521369934082e+02
3.805199120044708252e+02
4.162593512535095215e+02
3.994407916069030762e+02
4.351802308559417725e+02
3.868268718719482422e+02
4.414871907234191895e+02
4.099523913860321045e+02
4.267709510326385498e+02
4.078500714302062988e+02
3.805199120044708252e+02
3.658036723136901855e+02
4.246686310768127441e+02
3.700083122253417969e+02
3.426781527996063232e+02
4.667150301933288574e+02
4.414871907234191895e+02
3.594967124462127686e+02
4.793289499282836914e+02
4.646127102375030518e+02
3.658036723136901855e+02
4.940451896190643311e+02
4.078500714302062988e+02
3.594967124462127686e+02
4.898405497074127197e+02
3.573943924903869629e+02
3.573943924903869629e+02
4.456918306350708008e+02
3.489851126670837402e+02
3.679059922695159912e+02
4.015431115627288818e+02
3.552920725345611572e+02
3.763152720928192139e+02
3.868268718719482422e+02
3.805199120044708252e+02
3.679059922695159912e+02
3.931338317394256592e+02
3.889291918277740479e+02
3.195526332855224609e+02
3.973384716510772705e+02
3.552920725345611572e+02
2.901201539039611816e+02
4.120547113418579102e+02
3.342688729763031006e+02
3.405758328437805176e+02
4.414871907234191895e+02
3.615990324020385742e+02
4.309755909442901611e+02
4.667150301933288574e+02
3.847245519161224365e+02
4.414871907234191895e+02
3.805199120044708252e+02
3.615990324020385742e+02
3.826222319602966309e+02
3.048363935947418213e+02
3.237572731971740723e+02
4.856359097957611084e+02
4.835335898399353027e+02
4.751243100166320801e+02
4.625103902816772461e+02
4.351802308559417725e+02
4.036454315185546875e+02
4.120547113418579102e+02
4.393848707675933838e+02
4.309755909442901611e+02
3.931338317394256592e+02
3.910315117835998535e+02
4.267709510326385498e+02
4.435895106792449951e+02
4.414871907234191895e+02
4.225663111209869385e+02
3.889291918277740479e+02
3.552920725345611572e+02
3.658036723136901855e+02
3.952361516952514648e+02
3.679059922695159912e+02
4.330779109001159668e+02
3.742129521369934082e+02
4.646127102375030518e+02
3.573943924903869629e+02
4.625103902816772461e+02
3.973384716510772705e+02
4.435895106792449951e+02
4.309755909442901611e+02
3.973384716510772705e+02
3.952361516952514648e+02
4.498964705467224121e+02
3.637013523578643799e+02
3.342688729763031006e+02
4.646127102375030518e+02
4.036454315185546875e+02
3.342688729763031006e+02
4.709196701049804688e+02
4.625103902816772461e+02
3.658036723136901855e+02
5.003521494865417480e+02
4.456918306350708008e+02
3.784175920486450195e+02
4.877382297515869141e+02
4.036454315185546875e+02
3.847245519161224365e+02
4.204639911651611328e+02
3.931338317394256592e+02
3.826222319602966309e+02
3.826222319602966309e+02
3.952361516952514648e+02
3.763152720928192139e+02
3.721106321811676025e+02
3.952361516952514648e+02
3.573943924903869629e+02
3.784175920486450195e+02
3.805199120044708252e+02
3.111433534622192383e+02
3.889291918277740479e+02
3.489851126670837402e+02
2.669946343898773193e+02
4.015431115627288818e+02
3.258595931529998779e+02
3.153479933738708496e+02
4.057477514743804932e+02
3.468827927112579346e+02
4.225663111209869385e+02
3.784175920486450195e+02
4.330779109001159668e+02
3.910315117835998535e+02
3.889291918277740479e+02
3.763152720928192139e+02
3.384735128879547119e+02
3.447804727554321289e+02
4.940451896190643311e+02
4.919428696632385254e+02
4.730219900608062744e+02
4.583057503700256348e+02
4.456918306350708008e+02
4.225663111209869385e+02
4.057477514743804932e+02
4.267709510326385498e+02
4.435895106792449951e+02
4.372825508117675781e+02
4.309755909442901611e+02
4.477941505908966064e+02
4.730219900608062744e+02
4.793289499282836914e+02
4.393848707675933838e+02
3.826222319602966309e+02
3.658036723136901855e+02
3.889291918277740479e+02
4.057477514743804932e+02
3.889291918277740479e+02
4.414871907234191895e+02
3.700083122253417969e+02
4.709196701049804688e+02
3.468827927112579346e+02
4.646127102375030518e+02
3.889291918277740479e+02
4.519987905025482178e+02
4.330779109001159668e+02
4.246686310768127441e+02
4.162593512535095215e+02
4.646127102375030518e+02
3.763152720928192139e+02
3.552920725345611572e+02
4.477941505908966064e+02
3.700083122253417969e+02
3.363711929321289062e+02
4.435895106792449951e+02
4.183616712093353271e+02
3.700083122253417969e+02
4.667150301933288574e+02
4.456918306350708008e+02
3.973384716510772705e+02
4.498964705467224121e+02
4.309755909442901611e+02
4.120547113418579102e+02
3.973384716510772705e+02
4.099523913860321045e+02
4.036454315185546875e+02
3.763152720928192139e+02
3.973384716510772705e+02
3.868268718719482422e+02
3.679059922695159912e+02
3.910315117835998535e+02
3.594967124462127686e+02
3.637013523578643799e+02
3.826222319602966309e+02
3.174503133296966553e+02
3.763152720928192139e+02
3.637013523578643799e+02
2.775062341690063477e+02
3.847245519161224365e+02
3.426781527996063232e+02
3.637013523578643799e+02
3.489851126670837402e+02
3.700083122253417969e+02
3.784175920486450195e+02
4.099523913860321045e+02
4.015431115627288818e+02
4.120547113418579102e+02
3.847245519161224365e+02
3.784175920486450195e+02
4.856359097957611084e+02
4.604080703258514404e+02
4.519987905025482178e+02
4.583057503700256348e+02
4.414871907234191895e+02
4.141570312976837158e+02
4.246686310768127441e+02
4.541011104583740234e+02
4.583057503700256348e+02
4.477941505908966064e+02
4.583057503700256348e+02
4.877382297515869141e+02
4.919428696632385254e+02
4.330779109001159668e+02
3.679059922695159912e+02
3.721106321811676025e+02
4.036454315185546875e+02
4.246686310768127441e+02
4.372825508117675781e+02
4.519987905025482178e+02
3.658036723136901855e+02
4.414871907234191895e+02
3.889291918277740479e+02
4.414871907234191895e+02
4.120547113418579102e+02
4.393848707675933838e+02
4.141570312976837158e+02
3.994407916069030762e+02
3.868268718719482422e+02
4.246686310768127441e+02
3.594967124462127686e+02
3.658036723136901855e+02
4.183616712093353271e+02
3.763152720928192139e+02
3.847245519161224365e+02
4.225663111209869385e+02
4.120547113418579102e+02
4.120547113418579102e+02
4.015431115627288818e+02
4.099523913860321045e+02
4.246686310768127441e+02
3.805199120044708252e+02
3.805199120044708252e+02
4.225663111209869385e+02
3.889291918277740479e+02
3.637013523578643799e+02
4.057477514743804932e+02
3.847245519161224365e+02
3.658036723136901855e+02
3.679059922695159912e+02
3.615990324020385742e+02
3.721106321811676025e+02
3.279619131088256836e+02
3.594967124462127686e+02
3.679059922695159912e+02
3.700083122253417969e+02
3.637013523578643799e+02
3.573943924903869629e+02
3.763152720928192139e+02
3.573943924903869629e+02
3.952361516952514648e+02
3.868268718719482422e+02
4.036454315185546875e+02
4.078500714302062988e+02
4.099523913860321045e+02
4.667150301933288574e+02
4.414871907234191895e+02
4.414871907234191895e+02
4.562034304141998291e+02
4.456918306350708008e+02
4.246686310768127441e+02
4.435895106792449951e+02
4.709196701049804688e+02
4.646127102375030518e+02
4.562034304141998291e+02
4.625103902816772461e+02
4.730219900608062744e+02
4.646127102375030518e+02
4.078500714302062988e+02
3.573943924903869629e+02
3.784175920486450195e+02
4.183616712093353271e+02
4.435895106792449951e+02
4.330779109001159668e+02
4.183616712093353271e+02
3.994407916069030762e+02
3.952361516952514648e+02
4.036454315185546875e+02
3.868268718719482422e+02
4.288732709884643555e+02
4.057477514743804932e+02
4.183616712093353271e+02
4.141570312976837158e+02
4.078500714302062988e+02
3.700083122253417969e+02
4.015431115627288818e+02
4.057477514743804932e+02
3.510874326229095459e+02
4.057477514743804932e+02
3.931338317394256592e+02
3.637013523578643799e+02
4.204639911651611328e+02
3.742129521369934082e+02
3.573943924903869629e+02
4.225663111209869385e+02
3.784175920486450195e+02
3.321665530204772949e+02
4.246686310768127441e+02
4.057477514743804932e+02
3.258595931529998779e+02
4.099523913860321045e+02
3.426781527996063232e+02
3.721106321811676025e+02
3.594967124462127686e+02
3.426781527996063232e+02
3.573943924903869629e+02
3.594967124462127686e+02
3.700083122253417969e+02
3.826222319602966309e+02
4.057477514743804932e+02
3.742129521369934082e+02
4.162593512535095215e+02
3.594967124462127686e+02
3.826222319602966309e+02
4.099523913860321045e+02
4.309755909442901611e+02
4.330779109001159668e+02
4.435895106792449951e+02
4.372825508117675781e+02
4.393848707675933838e+02
4.751243100166320801e+02
4.835335898399353027e+02
4.667150301933288574e+02
4.667150301933288574e+02
4.667150301933288574e+02
4.435895106792449951e+02
4.267709510326385498e+02
3.931338317394256592e+02
3.700083122253417969e+02
4.015431115627288818e+02
4.330779109001159668e+02
4.225663111209869385e+02
3.847245519161224365e+02
3.594967124462127686e+02
3.742129521369934082e+02
4.141570312976837158e+02
4.225663111209869385e+02
4.183616712093353271e+02
4.204639911651611328e+02
4.078500714302062988e+02
3.910315117835998535e+02
4.057477514743804932e+02
4.078500714302062988e+02
3.552920725345611572e+02
4.099523913860321045e+02
3.889291918277740479e+02
3.300642330646514893e+02
3.721106321811676025e+02
3.216549532413482666e+02
3.763152720928192139e+02
3.174503133296966553e+02
4.015431115627288818e+02
3.258595931529998779e+02
4.183616712093353271e+02
3.447804727554321289e+02
3.910315117835998535e+02
3.594967124462127686e+02
3.363711929321289062e+02
3.468827927112579346e+02
3.468827927112579346e+02
3.594967124462127686e+02
4.078500714302062988e+02
4.141570312976837158e+02
3.973384716510772705e+02
4.183616712093353271e+02
3.384735128879547119e+02
3.615990324020385742e+02
4.351802308559417725e+02
4.330779109001159668e+02
4.414871907234191895e+02
4.393848707675933838e+02
4.562034304141998291e+02
4.982498295307159424e+02
4.982498295307159424e+02
4.772266299724578857e+02
4.877382297515869141e+02
4.709196701049804688e+02
4.141570312976837158e+02
3.952361516952514648e+02
4.015431115627288818e+02
4.057477514743804932e+02
4.372825508117675781e+02
4.120547113418579102e+02
4.204639911651611328e+02
3.679059922695159912e+02
3.468827927112579346e+02
3.805199120044708252e+02
4.330779109001159668e+02
4.057477514743804932e+02
4.204639911651611328e+02
4.204639911651611328e+02
4.225663111209869385e+02
4.141570312976837158e+02
4.183616712093353271e+02
3.742129521369934082e+02
3.931338317394256592e+02
3.300642330646514893e+02
3.805199120044708252e+02
3.258595931529998779e+02
3.721106321811676025e+02
3.426781527996063232e+02
3.763152720928192139e+02
3.531897525787353516e+02
4.099523913860321045e+02
3.658036723136901855e+02
4.078500714302062988e+02
3.700083122253417969e+02
3.468827927112579346e+02
3.510874326229095459e+02
3.342688729763031006e+02
3.594967124462127686e+02
3.952361516952514648e+02
4.015431115627288818e+02
3.910315117835998535e+02
3.910315117835998535e+02
3.468827927112579346e+02
4.435895106792449951e+02
4.562034304141998291e+02
4.604080703258514404e+02
4.793289499282836914e+02
4.961475095748901367e+02
4.940451896190643311e+02
4.877382297515869141e+02
5.024544694423675537e+02
4.667150301933288574e+02
3.973384716510772705e+02
3.931338317394256592e+02
4.246686310768127441e+02
4.414871907234191895e+02
4.183616712093353271e+02
4.330779109001159668e+02
3.805199120044708252e+02
3.847245519161224365e+02
4.225663111209869385e+02
4.351802308559417725e+02
4.288732709884643555e+02
4.309755909442901611e+02
4.330779109001159668e+02
4.351802308559417725e+02
4.372825508117675781e+02
4.183616712093353271e+02
3.973384716510772705e+02
3.910315117835998535e+02
3.468827927112579346e+02
3.805199120044708252e+02
3.531897525787353516e+02
3.594967124462127686e+02
3.721106321811676025e+02
3.489851126670837402e+02
3.721106321811676025e+02
3.910315117835998535e+02
3.763152720928192139e+02
4.183616712093353271e+02
3.847245519161224365e+02
3.784175920486450195e+02
3.784175920486450195e+02
3.489851126670837402e+02
3.826222319602966309e+02
3.679059922695159912e+02
3.889291918277740479e+02
3.721106321811676025e+02
3.594967124462127686e+02
3.679059922695159912e+02
4.877382297515869141e+02
4.898405497074127197e+02
4.814312698841094971e+02
4.772266299724578857e+02
4.856359097957611084e+02
4.940451896190643311e+02
4.372825508117675781e+02
3.868268718719482422e+02
4.078500714302062988e+02
4.604080703258514404e+02
4.225663111209869385e+02
4.435895106792449951e+02
4.309755909442901611e+02
4.772266299724578857e+02
4.435895106792449951e+02
4.625103902816772461e+02
4.393848707675933838e+02
4.498964705467224121e+02
4.330779109001159668e+02
4.519987905025482178e+02
3.994407916069030762e+02
4.120547113418579102e+02
3.742129521369934082e+02
3.742129521369934082e+02
3.742129521369934082e+02
3.805199120044708252e+02
3.573943924903869629e+02
3.784175920486450195e+02
3.447804727554321289e+02
3.594967124462127686e+02
3.826222319602966309e+02
3.721106321811676025e+02
4.246686310768127441e+02
3.994407916069030762e+02
4.225663111209869385e+02
4.078500714302062988e+02
3.931338317394256592e+02
4.078500714302062988e+02
3.658036723136901855e+02
3.784175920486450195e+02
3.615990324020385742e+02
3.321665530204772949e+02
3.847245519161224365e+02
4.078500714302062988e+02
4.646127102375030518e+02
4.562034304141998291e+02
4.751243100166320801e+02
4.688173501491546631e+02
4.015431115627288818e+02
4.751243100166320801e+02
4.583057503700256348e+02
4.919428696632385254e+02
4.372825508117675781e+02
5.192730290889739990e+02
4.393848707675933838e+02
4.751243100166320801e+02
4.372825508117675781e+02
4.477941505908966064e+02
4.162593512535095215e+02
4.498964705467224121e+02
3.784175920486450195e+02
4.141570312976837158e+02
3.679059922695159912e+02
3.826222319602966309e+02
3.784175920486450195e+02
3.826222319602966309e+02
3.658036723136901855e+02
3.679059922695159912e+02
3.637013523578643799e+02
3.342688729763031006e+02
3.910315117835998535e+02
3.531897525787353516e+02
4.267709510326385498e+02
3.952361516952514648e+02
4.562034304141998291e+02
4.141570312976837158e+02
4.541011104583740234e+02
4.078500714302062988e+02
4.015431115627288818e+02
3.679059922695159912e+02
3.679059922695159912e+02
3.195526332855224609e+02
3.847245519161224365e+02
3.826222319602966309e+02
4.667150301933288574e+02
5.255799889564514160e+02
4.288732709884643555e+02
5.423985486030578613e+02
4.225663111209869385e+02
4.583057503700256348e+02
4.225663111209869385e+02
4.288732709884643555e+02
4.036454315185546875e+02
4.393848707675933838e+02
3.742129521369934082e+02
4.120547113418579102e+02
3.847245519161224365e+02
3.805199120044708252e+02
3.994407916069030762e+02
3.868268718719482422e+02
3.847245519161224365e+02
3.721106321811676025e+02
3.910315117835998535e+02
3.300642330646514893e+02
4.099523913860321045e+02
3.342688729763031006e+02
4.288732709884643555e+02
3.763152720928192139e+02
4.688173501491546631e+02
3.910315117835998535e+02
4.982498295307159424e+02
3.826222319602966309e+02
4.393848707675933838e+02
3.573943924903869629e+02
3.784175920486450195e+02
3.216549532413482666e+02
3.679059922695159912e+02
3.552920725345611572e+02
4.519987905025482178e+02
5.381939086914062500e+02
4.183616712093353271e+02
5.445008685588836670e+02
4.015431115627288818e+02
4.498964705467224121e+02
4.015431115627288818e+02
4.099523913860321045e+02
3.931338317394256592e+02
4.267709510326385498e+02
3.868268718719482422e+02
4.141570312976837158e+02
4.099523913860321045e+02
3.868268718719482422e+02
4.162593512535095215e+02
4.015431115627288818e+02
3.973384716510772705e+02
4.078500714302062988e+02
4.078500714302062988e+02
3.552920725345611572e+02
4.162593512535095215e+02
3.300642330646514893e+02
4.162593512535095215e+02
3.468827927112579346e+02
4.519987905025482178e+02
3.594967124462127686e+02
4.961475095748901367e+02
3.615990324020385742e+02
4.456918306350708008e+02
3.679059922695159912e+02
3.784175920486450195e+02
3.468827927112579346e+02
3.531897525787353516e+02
3.468827927112579346e+02
4.309755909442901611e+02
5.192730290889739990e+02
4.141570312976837158e+02
5.318869488239288330e+02
3.784175920486450195e+02
4.541011104583740234e+02
3.700083122253417969e+02
4.036454315185546875e+02
3.868268718719482422e+02
4.162593512535095215e+02
4.078500714302062988e+02
4.183616712093353271e+02
4.162593512535095215e+02
4.078500714302062988e+02
4.036454315185546875e+02
4.351802308559417725e+02
4.036454315185546875e+02
4.477941505908966064e+02
4.204639911651611328e+02
3.910315117835998535e+02
4.120547113418579102e+02
3.405758328437805176e+02
3.952361516952514648e+02
3.384735128879547119e+02
4.225663111209869385e+02
3.531897525787353516e+02
4.625103902816772461e+02
3.679059922695159912e+02
4.204639911651611328e+02
3.931338317394256592e+02
3.637013523578643799e+02
3.868268718719482422e+02
3.468827927112579346e+02
3.594967124462127686e+02
4.877382297515869141e+02
5.024544694423675537e+02
3.658036723136901855e+02
4.625103902816772461e+02
3.405758328437805176e+02
4.120547113418579102e+02
3.826222319602966309e+02
4.057477514743804932e+02
4.225663111209869385e+02
4.183616712093353271e+02
3.994407916069030762e+02
4.309755909442901611e+02
3.679059922695159912e+02
4.477941505908966064e+02
4.099523913860321045e+02
4.498964705467224121e+02
4.435895106792449951e+02
3.994407916069030762e+02
3.973384716510772705e+02
3.552920725345611572e+02
3.700083122253417969e+02
3.615990324020385742e+02
4.015431115627288818e+02
3.805199120044708252e+02
4.288732709884643555e+02
3.931338317394256592e+02
3.994407916069030762e+02
4.057477514743804932e+02
3.658036723136901855e+02
3.594967124462127686e+02
4.667150301933288574e+02
4.709196701049804688e+02
3.700083122253417969e+02
4.604080703258514404e+02
3.279619131088256836e+02
4.225663111209869385e+02
3.784175920486450195e+02
4.036454315185546875e+02
4.330779109001159668e+02
4.120547113418579102e+02
3.784175920486450195e+02
4.330779109001159668e+02
3.363711929321289062e+02
4.309755909442901611e+02
4.351802308559417725e+02
4.078500714302062988e+02
4.814312698841094971e+02
3.784175920486450195e+02
3.805199120044708252e+02
3.700083122253417969e+02
3.531897525787353516e+02
3.973384716510772705e+02
3.910315117835998535e+02
4.204639911651611328e+02
4.036454315185546875e+02
4.141570312976837158e+02
3.868268718719482422e+02
3.910315117835998535e+02
3.952361516952514648e+02
3.931338317394256592e+02
4.498964705467224121e+02
4.351802308559417725e+02
3.426781527996063232e+02
4.183616712093353271e+02
3.700083122253417969e+02
3.994407916069030762e+02
4.246686310768127441e+02
4.057477514743804932e+02
3.847245519161224365e+02
4.183616712093353271e+02
3.447804727554321289e+02
4.036454315185546875e+02
4.604080703258514404e+02
3.637013523578643799e+02
5.024544694423675537e+02
3.510874326229095459e+02
3.763152720928192139e+02
3.763152720928192139e+02
3.384735128879547119e+02
4.120547113418579102e+02
3.805199120044708252e+02
4.351802308559417725e+02
3.847245519161224365e+02
4.141570312976837158e+02
3.826222319602966309e+02
4.330779109001159668e+02
4.015431115627288818e+02
3.994407916069030762e+02
3.679059922695159912e+02
4.036454315185546875e+02
4.036454315185546875e+02
4.078500714302062988e+02
3.889291918277740479e+02
4.120547113418579102e+02
3.742129521369934082e+02
3.952361516952514648e+02
4.646127102375030518e+02
3.552920725345611572e+02
5.003521494865417480e+02
3.384735128879547119e+02
3.847245519161224365e+02
3.742129521369934082e+02
3.426781527996063232e+02
4.036454315185546875e+02
3.763152720928192139e+02
4.120547113418579102e+02
3.763152720928192139e+02
3.826222319602966309e+02
3.742129521369934082e+02
4.015431115627288818e+02
3.700083122253417969e+02
4.183616712093353271e+02
3.784175920486450195e+02
4.267709510326385498e+02
3.910315117835998535e+02
4.162593512535095215e+02
4.414871907234191895e+02
3.805199120044708252e+02
4.688173501491546631e+02
3.531897525787353516e+02
3.973384716510772705e+02
3.721106321811676025e+02
3.637013523578643799e+02
3.826222319602966309e+02
3.868268718719482422e+02
3.952361516952514648e+02
4.330779109001159668e+02
4.519987905025482178e+02
3.889291918277740479e+02
4.498964705467224121e+02
4.120547113418579102e+02
4.141570312976837158e+02
4.330779109001159668e+02
3.742129521369934082e+02
4.162593512535095215e+02
4.036454315185546875e+02
