# 
#     Files used to generate the data: 
#     image: 3002_STIR.nii.gz
#     mask: 3002_normal_marrow.nii.gz
#     Column: intensities of voxels considered to be normal bone.
#     
3.268571496009826660e+02
2.971428632736206055e+02
2.852571487426757812e+02
3.417142927646636963e+02
3.654857218265533447e+02
3.298285782337188721e+02
3.387428641319274902e+02
3.506285786628723145e+02
2.793142914772033691e+02
2.436571478843688965e+02
2.912000060081481934e+02
3.001142919063568115e+02
2.614857196807861328e+02
3.268571496009826660e+02
3.001142919063568115e+02
2.793142914772033691e+02
2.585142910480499268e+02
2.763428628444671631e+02
3.387428641319274902e+02
3.536000072956085205e+02
3.090285778045654297e+02
3.179428637027740479e+02
3.714285790920257568e+02
3.238857209682464600e+02
3.476571500301361084e+02
2.674285769462585449e+02
3.625142931938171387e+02
2.941714346408843994e+02
3.387428641319274902e+02
3.120000064373016357e+02
2.822857201099395752e+02
2.793142914772033691e+02
2.674285769462585449e+02
2.496000051498413086e+02
2.674285769462585449e+02
2.406857192516326904e+02
2.852571487426757812e+02
3.120000064373016357e+02
2.674285769462585449e+02
2.347428619861602783e+02
2.436571478843688965e+02
2.763428628444671631e+02
3.149714350700378418e+02
3.179428637027740479e+02
2.793142914772033691e+02
2.882285773754119873e+02
3.565714359283447266e+02
3.744000077247619629e+02
3.744000077247619629e+02
3.654857218265533447e+02
3.714285790920257568e+02
3.060571491718292236e+02
3.625142931938171387e+02
3.001142919063568115e+02
3.506285786628723145e+02
3.179428637027740479e+02
3.120000064373016357e+02
3.090285778045654297e+02
2.852571487426757812e+02
2.882285773754119873e+02
3.001142919063568115e+02
2.852571487426757812e+02
3.446857213973999023e+02
2.912000060081481934e+02
2.406857192516326904e+02
2.169142901897430420e+02
2.525714337825775146e+02
2.793142914772033691e+02
2.347428619861602783e+02
2.050285756587982178e+02
2.377142906188964844e+02
2.704000055789947510e+02
2.763428628444671631e+02
2.733714342117309570e+02
2.585142910480499268e+02
3.298285782337188721e+02
2.733714342117309570e+02
3.654857218265533447e+02
3.506285786628723145e+02
3.833142936229705811e+02
3.744000077247619629e+02
3.714285790920257568e+02
3.298285782337188721e+02
3.476571500301361084e+02
2.971428632736206055e+02
3.476571500301361084e+02
3.090285778045654297e+02
3.357714354991912842e+02
3.268571496009826660e+02
3.030857205390930176e+02
3.209142923355102539e+02
3.120000064373016357e+02
2.882285773754119873e+02
3.744000077247619629e+02
2.822857201099395752e+02
3.981714367866516113e+02
3.001142919063568115e+02
2.852571487426757812e+02
2.317714333534240723e+02
2.228571474552154541e+02
2.436571478843688965e+02
2.585142910480499268e+02
2.258285760879516602e+02
2.109714329242706299e+02
2.496000051498413086e+02
2.614857196807861328e+02
2.436571478843688965e+02
2.555428624153137207e+02
3.060571491718292236e+02
2.704000055789947510e+02
3.120000064373016357e+02
2.822857201099395752e+02
3.506285786628723145e+02
3.120000064373016357e+02
3.714285790920257568e+02
3.387428641319274902e+02
3.506285786628723145e+02
3.209142923355102539e+02
3.298285782337188721e+02
2.852571487426757812e+02
3.387428641319274902e+02
2.733714342117309570e+02
3.476571500301361084e+02
3.001142919063568115e+02
3.149714350700378418e+02
3.209142923355102539e+02
3.120000064373016357e+02
2.941714346408843994e+02
3.744000077247619629e+02
2.822857201099395752e+02
3.952000081539154053e+02
3.149714350700378418e+02
3.446857213973999023e+02
3.120000064373016357e+02
4.011428654193878174e+02
3.862857222557067871e+02
2.912000060081481934e+02
2.347428619861602783e+02
2.406857192516326904e+02
2.614857196807861328e+02
2.614857196807861328e+02
2.436571478843688965e+02
2.466285765171051025e+02
2.704000055789947510e+02
2.644571483135223389e+02
2.882285773754119873e+02
2.496000051498413086e+02
3.357714354991912842e+02
2.763428628444671631e+02
3.001142919063568115e+02
3.120000064373016357e+02
2.793142914772033691e+02
3.179428637027740479e+02
3.120000064373016357e+02
3.030857205390930176e+02
3.328000068664550781e+02
2.912000060081481934e+02
3.149714350700378418e+02
2.912000060081481934e+02
3.120000064373016357e+02
2.763428628444671631e+02
3.268571496009826660e+02
2.496000051498413086e+02
3.298285782337188721e+02
2.496000051498413086e+02
2.971428632736206055e+02
2.852571487426757812e+02
3.030857205390930176e+02
3.001142919063568115e+02
3.536000072956085205e+02
3.030857205390930176e+02
3.595428645610809326e+02
3.209142923355102539e+02
3.179428637027740479e+02
3.060571491718292236e+02
3.179428637027740479e+02
3.536000072956085205e+02
4.041142940521240234e+02
3.892571508884429932e+02
2.971428632736206055e+02
2.436571478843688965e+02
2.585142910480499268e+02
2.793142914772033691e+02
2.733714342117309570e+02
2.614857196807861328e+02
2.704000055789947510e+02
2.971428632736206055e+02
2.882285773754119873e+02
2.525714337825775146e+02
2.763428628444671631e+02
3.060571491718292236e+02
2.763428628444671631e+02
3.565714359283447266e+02
3.120000064373016357e+02
3.001142919063568115e+02
3.446857213973999023e+02
2.555428624153137207e+02
3.506285786628723145e+02
2.763428628444671631e+02
3.268571496009826660e+02
2.971428632736206055e+02
2.882285773754119873e+02
2.793142914772033691e+02
2.763428628444671631e+02
2.882285773754119873e+02
2.882285773754119873e+02
3.060571491718292236e+02
2.525714337825775146e+02
2.941714346408843994e+02
2.258285760879516602e+02
2.733714342117309570e+02
2.555428624153137207e+02
3.030857205390930176e+02
3.090285778045654297e+02
3.476571500301361084e+02
3.209142923355102539e+02
3.417142927646636963e+02
3.120000064373016357e+02
3.090285778045654297e+02
2.941714346408843994e+02
3.120000064373016357e+02
2.912000060081481934e+02
3.328000068664550781e+02
3.476571500301361084e+02
3.684571504592895508e+02
3.595428645610809326e+02
3.120000064373016357e+02
2.793142914772033691e+02
2.852571487426757812e+02
2.971428632736206055e+02
2.852571487426757812e+02
2.674285769462585449e+02
3.238857209682464600e+02
2.793142914772033691e+02
3.268571496009826660e+02
2.882285773754119873e+02
3.060571491718292236e+02
2.822857201099395752e+02
3.417142927646636963e+02
3.060571491718292236e+02
3.625142931938171387e+02
3.209142923355102539e+02
2.852571487426757812e+02
3.298285782337188721e+02
2.436571478843688965e+02
3.595428645610809326e+02
2.674285769462585449e+02
3.744000077247619629e+02
2.763428628444671631e+02
3.298285782337188721e+02
2.496000051498413086e+02
3.001142919063568115e+02
2.614857196807861328e+02
3.060571491718292236e+02
2.763428628444671631e+02
2.882285773754119873e+02
2.585142910480499268e+02
2.525714337825775146e+02
2.644571483135223389e+02
2.525714337825775146e+02
3.268571496009826660e+02
3.120000064373016357e+02
3.654857218265533447e+02
3.209142923355102539e+02
3.446857213973999023e+02
2.971428632736206055e+02
3.149714350700378418e+02
2.882285773754119873e+02
3.149714350700378418e+02
3.120000064373016357e+02
3.179428637027740479e+02
3.387428641319274902e+02
3.536000072956085205e+02
3.417142927646636963e+02
3.238857209682464600e+02
3.209142923355102539e+02
3.417142927646636963e+02
3.536000072956085205e+02
3.030857205390930176e+02
3.238857209682464600e+02
2.822857201099395752e+02
3.060571491718292236e+02
2.436571478843688965e+02
2.852571487426757812e+02
2.674285769462585449e+02
2.733714342117309570e+02
3.060571491718292236e+02
2.852571487426757812e+02
3.238857209682464600e+02
2.971428632736206055e+02
3.387428641319274902e+02
2.822857201099395752e+02
3.684571504592895508e+02
3.060571491718292236e+02
3.328000068664550781e+02
2.971428632736206055e+02
2.525714337825775146e+02
2.793142914772033691e+02
2.555428624153137207e+02
3.179428637027740479e+02
2.912000060081481934e+02
3.892571508884429932e+02
2.733714342117309570e+02
3.833142936229705811e+02
2.317714333534240723e+02
3.387428641319274902e+02
2.436571478843688965e+02
3.179428637027740479e+02
2.555428624153137207e+02
3.090285778045654297e+02
2.436571478843688965e+02
2.971428632736206055e+02
2.674285769462585449e+02
2.852571487426757812e+02
3.476571500301361084e+02
3.120000064373016357e+02
3.714285790920257568e+02
2.971428632736206055e+02
3.357714354991912842e+02
2.644571483135223389e+02
3.209142923355102539e+02
2.763428628444671631e+02
3.268571496009826660e+02
3.209142923355102539e+02
3.149714350700378418e+02
3.328000068664550781e+02
3.654857218265533447e+02
3.417142927646636963e+02
2.912000060081481934e+02
2.941714346408843994e+02
2.763428628444671631e+02
3.773714363574981689e+02
2.704000055789947510e+02
4.219428658485412598e+02
2.822857201099395752e+02
3.595428645610809326e+02
2.585142910480499268e+02
3.120000064373016357e+02
2.436571478843688965e+02
2.941714346408843994e+02
2.793142914772033691e+02
2.852571487426757812e+02
2.852571487426757812e+02
3.030857205390930176e+02
2.912000060081481934e+02
3.149714350700378418e+02
3.357714354991912842e+02
2.793142914772033691e+02
3.654857218265533447e+02
2.912000060081481934e+02
2.852571487426757812e+02
2.793142914772033691e+02
2.258285760879516602e+02
2.496000051498413086e+02
2.763428628444671631e+02
2.614857196807861328e+02
3.149714350700378418e+02
3.476571500301361084e+02
2.733714342117309570e+02
4.011428654193878174e+02
2.317714333534240723e+02
3.684571504592895508e+02
2.555428624153137207e+02
3.030857205390930176e+02
2.614857196807861328e+02
3.030857205390930176e+02
2.436571478843688965e+02
3.209142923355102539e+02
2.674285769462585449e+02
3.120000064373016357e+02
3.268571496009826660e+02
3.030857205390930176e+02
3.209142923355102539e+02
2.644571483135223389e+02
2.912000060081481934e+02
2.317714333534240723e+02
3.209142923355102539e+02
2.525714337825775146e+02
3.417142927646636963e+02
3.001142919063568115e+02
3.179428637027740479e+02
2.644571483135223389e+02
3.149714350700378418e+02
3.565714359283447266e+02
3.328000068664550781e+02
2.704000055789947510e+02
3.209142923355102539e+02
2.852571487426757812e+02
2.941714346408843994e+02
4.041142940521240234e+02
2.882285773754119873e+02
4.486857235431671143e+02
2.704000055789947510e+02
3.744000077247619629e+02
2.258285760879516602e+02
3.120000064373016357e+02
2.347428619861602783e+02
2.971428632736206055e+02
2.971428632736206055e+02
3.030857205390930176e+02
2.822857201099395752e+02
3.268571496009826660e+02
2.525714337825775146e+02
3.446857213973999023e+02
3.090285778045654297e+02
2.912000060081481934e+02
3.446857213973999023e+02
2.704000055789947510e+02
2.614857196807861328e+02
2.793142914772033691e+02
2.228571474552154541e+02
2.644571483135223389e+02
2.852571487426757812e+02
2.377142906188964844e+02
3.149714350700378418e+02
2.882285773754119873e+02
2.704000055789947510e+02
3.654857218265533447e+02
2.466285765171051025e+02
3.506285786628723145e+02
2.763428628444671631e+02
2.733714342117309570e+02
2.793142914772033691e+02
2.704000055789947510e+02
2.555428624153137207e+02
3.120000064373016357e+02
2.585142910480499268e+02
3.120000064373016357e+02
2.704000055789947510e+02
2.822857201099395752e+02
2.496000051498413086e+02
2.436571478843688965e+02
2.555428624153137207e+02
2.198857188224792480e+02
3.298285782337188721e+02
2.258285760879516602e+02
3.536000072956085205e+02
2.496000051498413086e+02
3.179428637027740479e+02
2.585142910480499268e+02
2.585142910480499268e+02
2.852571487426757812e+02
3.238857209682464600e+02
3.149714350700378418e+02
3.357714354991912842e+02
2.704000055789947510e+02
3.149714350700378418e+02
3.090285778045654297e+02
3.060571491718292236e+02
4.160000085830688477e+02
3.149714350700378418e+02
4.397714376449584961e+02
2.912000060081481934e+02
3.684571504592895508e+02
2.228571474552154541e+02
3.149714350700378418e+02
2.436571478843688965e+02
3.001142919063568115e+02
3.238857209682464600e+02
3.120000064373016357e+02
2.941714346408843994e+02
3.446857213973999023e+02
2.317714333534240723e+02
3.536000072956085205e+02
2.793142914772033691e+02
3.001142919063568115e+02
3.238857209682464600e+02
2.644571483135223389e+02
2.674285769462585449e+02
2.912000060081481934e+02
2.377142906188964844e+02
2.971428632736206055e+02
2.704000055789947510e+02
2.555428624153137207e+02
2.852571487426757812e+02
2.555428624153137207e+02
2.614857196807861328e+02
3.149714350700378418e+02
2.704000055789947510e+02
3.149714350700378418e+02
3.001142919063568115e+02
2.585142910480499268e+02
2.941714346408843994e+02
2.555428624153137207e+02
2.644571483135223389e+02
2.912000060081481934e+02
2.555428624153137207e+02
2.793142914772033691e+02
2.436571478843688965e+02
2.555428624153137207e+02
2.169142901897430420e+02
2.525714337825775146e+02
2.525714337825775146e+02
2.466285765171051025e+02
3.595428645610809326e+02
2.198857188224792480e+02
3.536000072956085205e+02
3.001142919063568115e+02
2.822857201099395752e+02
2.644571483135223389e+02
2.614857196807861328e+02
2.941714346408843994e+02
3.417142927646636963e+02
3.001142919063568115e+02
3.120000064373016357e+02
2.912000060081481934e+02
2.971428632736206055e+02
3.476571500301361084e+02
3.060571491718292236e+02
4.219428658485412598e+02
3.328000068664550781e+02
4.070857226848602295e+02
3.179428637027740479e+02
3.506285786628723145e+02
2.585142910480499268e+02
3.149714350700378418e+02
2.733714342117309570e+02
3.001142919063568115e+02
3.357714354991912842e+02
3.120000064373016357e+02
3.030857205390930176e+02
3.446857213973999023e+02
2.377142906188964844e+02
3.417142927646636963e+02
2.763428628444671631e+02
2.882285773754119873e+02
3.209142923355102539e+02
2.644571483135223389e+02
2.912000060081481934e+02
3.001142919063568115e+02
2.555428624153137207e+02
3.149714350700378418e+02
2.614857196807861328e+02
2.733714342117309570e+02
2.733714342117309570e+02
2.555428624153137207e+02
2.733714342117309570e+02
2.912000060081481934e+02
2.852571487426757812e+02
2.971428632736206055e+02
3.120000064373016357e+02
2.704000055789947510e+02
2.971428632736206055e+02
2.674285769462585449e+02
2.733714342117309570e+02
2.793142914772033691e+02
2.733714342117309570e+02
2.555428624153137207e+02
2.644571483135223389e+02
2.406857192516326904e+02
2.347428619861602783e+02
2.822857201099395752e+02
2.822857201099395752e+02
3.060571491718292236e+02
3.744000077247619629e+02
2.704000055789947510e+02
3.387428641319274902e+02
2.674285769462585449e+02
3.268571496009826660e+02
3.298285782337188721e+02
2.733714342117309570e+02
2.406857192516326904e+02
2.912000060081481934e+02
3.090285778045654297e+02
3.179428637027740479e+02
2.941714346408843994e+02
3.357714354991912842e+02
2.852571487426757812e+02
3.862857222557067871e+02
2.941714346408843994e+02
4.160000085830688477e+02
3.268571496009826660e+02
3.714285790920257568e+02
3.298285782337188721e+02
3.298285782337188721e+02
2.941714346408843994e+02
3.090285778045654297e+02
3.030857205390930176e+02
3.030857205390930176e+02
3.268571496009826660e+02
3.120000064373016357e+02
2.971428632736206055e+02
3.328000068664550781e+02
2.644571483135223389e+02
3.030857205390930176e+02
2.971428632736206055e+02
2.555428624153137207e+02
3.268571496009826660e+02
2.614857196807861328e+02
3.120000064373016357e+02
3.060571491718292236e+02
2.912000060081481934e+02
3.120000064373016357e+02
2.912000060081481934e+02
2.852571487426757812e+02
3.001142919063568115e+02
2.793142914772033691e+02
3.060571491718292236e+02
3.001142919063568115e+02
3.001142919063568115e+02
3.001142919063568115e+02
3.120000064373016357e+02
2.912000060081481934e+02
3.001142919063568115e+02
2.912000060081481934e+02
2.852571487426757812e+02
2.852571487426757812e+02
3.060571491718292236e+02
2.585142910480499268e+02
3.149714350700378418e+02
2.525714337825775146e+02
2.733714342117309570e+02
2.971428632736206055e+02
2.912000060081481934e+02
3.654857218265533447e+02
3.565714359283447266e+02
3.060571491718292236e+02
2.525714337825775146e+02
3.417142927646636963e+02
3.565714359283447266e+02
2.644571483135223389e+02
2.347428619861602783e+02
2.852571487426757812e+02
3.238857209682464600e+02
2.822857201099395752e+02
3.595428645610809326e+02
2.882285773754119873e+02
3.654857218265533447e+02
2.822857201099395752e+02
4.011428654193878174e+02
2.882285773754119873e+02
4.070857226848602295e+02
3.060571491718292236e+02
3.446857213973999023e+02
3.090285778045654297e+02
3.060571491718292236e+02
2.941714346408843994e+02
3.001142919063568115e+02
3.001142919063568115e+02
3.090285778045654297e+02
3.030857205390930176e+02
3.238857209682464600e+02
2.882285773754119873e+02
3.328000068664550781e+02
2.882285773754119873e+02
2.793142914772033691e+02
3.179428637027740479e+02
2.317714333534240723e+02
3.387428641319274902e+02
2.496000051498413086e+02
3.387428641319274902e+02
2.912000060081481934e+02
3.446857213973999023e+02
2.912000060081481934e+02
3.506285786628723145e+02
2.614857196807861328e+02
3.536000072956085205e+02
2.704000055789947510e+02
3.446857213973999023e+02
3.030857205390930176e+02
3.268571496009826660e+02
3.120000064373016357e+02
3.238857209682464600e+02
1.901714324951171875e+02
3.030857205390930176e+02
3.120000064373016357e+02
2.258285760879516602e+02
2.941714346408843994e+02
2.971428632736206055e+02
2.941714346408843994e+02
2.912000060081481934e+02
3.357714354991912842e+02
3.001142919063568115e+02
2.882285773754119873e+02
3.536000072956085205e+02
3.030857205390930176e+02
2.704000055789947510e+02
2.912000060081481934e+02
2.763428628444671631e+02
2.555428624153137207e+02
3.595428645610809326e+02
3.060571491718292236e+02
2.912000060081481934e+02
3.120000064373016357e+02
2.585142910480499268e+02
3.298285782337188721e+02
3.387428641319274902e+02
2.496000051498413086e+02
2.525714337825775146e+02
2.585142910480499268e+02
3.654857218265533447e+02
2.704000055789947510e+02
3.892571508884429932e+02
2.941714346408843994e+02
3.625142931938171387e+02
2.882285773754119873e+02
3.773714363574981689e+02
2.912000060081481934e+02
3.833142936229705811e+02
3.030857205390930176e+02
3.298285782337188721e+02
2.822857201099395752e+02
2.912000060081481934e+02
2.585142910480499268e+02
2.941714346408843994e+02
2.704000055789947510e+02
3.149714350700378418e+02
2.822857201099395752e+02
3.298285782337188721e+02
2.882285773754119873e+02
3.328000068664550781e+02
3.060571491718292236e+02
2.912000060081481934e+02
3.298285782337188721e+02
2.347428619861602783e+02
3.565714359283447266e+02
2.377142906188964844e+02
3.803428649902343750e+02
2.704000055789947510e+02
4.011428654193878174e+02
2.614857196807861328e+02
4.070857226848602295e+02
2.228571474552154541e+02
3.922285795211791992e+02
2.406857192516326904e+02
3.684571504592895508e+02
3.714285790920257568e+02
2.882285773754119873e+02
3.476571500301361084e+02
3.238857209682464600e+02
3.149714350700378418e+02
3.506285786628723145e+02
2.436571478843688965e+02
3.001142919063568115e+02
3.328000068664550781e+02
2.614857196807861328e+02
2.793142914772033691e+02
3.120000064373016357e+02
3.030857205390930176e+02
2.912000060081481934e+02
3.536000072956085205e+02
3.060571491718292236e+02
3.149714350700378418e+02
3.862857222557067871e+02
3.238857209682464600e+02
2.852571487426757812e+02
2.882285773754119873e+02
3.595428645610809326e+02
2.436571478843688965e+02
2.020571470260620117e+02
3.417142927646636963e+02
3.060571491718292236e+02
2.704000055789947510e+02
3.357714354991912842e+02
3.833142936229705811e+02
2.971428632736206055e+02
3.060571491718292236e+02
3.001142919063568115e+02
2.555428624153137207e+02
3.001142919063568115e+02
2.585142910480499268e+02
3.833142936229705811e+02
2.733714342117309570e+02
3.714285790920257568e+02
3.001142919063568115e+02
3.298285782337188721e+02
2.941714346408843994e+02
3.417142927646636963e+02
3.090285778045654297e+02
3.595428645610809326e+02
3.120000064373016357e+02
3.298285782337188721e+02
2.674285769462585449e+02
3.001142919063568115e+02
2.288000047206878662e+02
3.001142919063568115e+02
2.377142906188964844e+02
3.090285778045654297e+02
2.674285769462585449e+02
3.238857209682464600e+02
2.912000060081481934e+02
3.298285782337188721e+02
3.120000064373016357e+02
3.120000064373016357e+02
3.387428641319274902e+02
2.674285769462585449e+02
3.744000077247619629e+02
2.466285765171051025e+02
4.160000085830688477e+02
2.614857196807861328e+02
4.278857231140136719e+02
2.436571478843688965e+02
4.219428658485412598e+02
2.050285756587982178e+02
4.041142940521240234e+02
2.644571483135223389e+02
2.258285760879516602e+02
3.744000077247619629e+02
3.862857222557067871e+02
2.793142914772033691e+02
3.536000072956085205e+02
3.773714363574981689e+02
3.090285778045654297e+02
3.536000072956085205e+02
3.120000064373016357e+02
2.882285773754119873e+02
3.357714354991912842e+02
3.030857205390930176e+02
2.614857196807861328e+02
3.268571496009826660e+02
3.120000064373016357e+02
2.822857201099395752e+02
3.862857222557067871e+02
3.209142923355102539e+02
3.238857209682464600e+02
4.219428658485412598e+02
3.357714354991912842e+02
2.852571487426757812e+02
3.120000064373016357e+02
3.476571500301361084e+02
2.406857192516326904e+02
2.050285756587982178e+02
3.357714354991912842e+02
2.585142910480499268e+02
2.882285773754119873e+02
2.971428632736206055e+02
3.060571491718292236e+02
4.100571513175964355e+02
4.308571517467498779e+02
3.536000072956085205e+02
3.060571491718292236e+02
2.852571487426757812e+02
2.941714346408843994e+02
3.476571500301361084e+02
2.852571487426757812e+02
3.625142931938171387e+02
2.941714346408843994e+02
3.268571496009826660e+02
2.971428632736206055e+02
3.060571491718292236e+02
2.941714346408843994e+02
3.298285782337188721e+02
3.149714350700378418e+02
3.387428641319274902e+02
3.268571496009826660e+02
3.268571496009826660e+02
2.941714346408843994e+02
3.209142923355102539e+02
2.496000051498413086e+02
3.149714350700378418e+02
2.436571478843688965e+02
3.001142919063568115e+02
2.585142910480499268e+02
3.030857205390930176e+02
2.852571487426757812e+02
3.268571496009826660e+02
3.120000064373016357e+02
3.268571496009826660e+02
3.476571500301361084e+02
2.971428632736206055e+02
3.922285795211791992e+02
2.793142914772033691e+02
4.249142944812774658e+02
2.852571487426757812e+02
4.100571513175964355e+02
2.614857196807861328e+02
3.892571508884429932e+02
2.674285769462585449e+02
2.317714333534240723e+02
3.862857222557067871e+02
3.238857209682464600e+02
2.555428624153137207e+02
3.773714363574981689e+02
3.981714367866516113e+02
2.971428632736206055e+02
3.565714359283447266e+02
4.041142940521240234e+02
3.001142919063568115e+02
3.357714354991912842e+02
3.684571504592895508e+02
2.763428628444671631e+02
3.149714350700378418e+02
3.357714354991912842e+02
2.614857196807861328e+02
3.387428641319274902e+02
3.238857209682464600e+02
2.733714342117309570e+02
4.278857231140136719e+02
3.328000068664550781e+02
3.030857205390930176e+02
4.635428667068481445e+02
3.357714354991912842e+02
2.882285773754119873e+02
3.654857218265533447e+02
3.179428637027740479e+02
2.644571483135223389e+02
2.793142914772033691e+02
3.030857205390930176e+02
2.614857196807861328e+02
3.565714359283447266e+02
2.941714346408843994e+02
2.763428628444671631e+02
4.457142949104309082e+02
3.030857205390930176e+02
3.892571508884429932e+02
3.298285782337188721e+02
3.001142919063568115e+02
3.357714354991912842e+02
3.684571504592895508e+02
3.149714350700378418e+02
3.357714354991912842e+02
3.149714350700378418e+02
2.971428632736206055e+02
3.030857205390930176e+02
3.298285782337188721e+02
2.912000060081481934e+02
3.536000072956085205e+02
3.090285778045654297e+02
3.268571496009826660e+02
3.298285782337188721e+02
3.120000064373016357e+02
3.357714354991912842e+02
3.328000068664550781e+02
3.149714350700378418e+02
3.328000068664550781e+02
2.822857201099395752e+02
2.971428632736206055e+02
2.614857196807861328e+02
2.912000060081481934e+02
2.822857201099395752e+02
3.179428637027740479e+02
3.238857209682464600e+02
3.268571496009826660e+02
3.625142931938171387e+02
3.149714350700378418e+02
3.952000081539154053e+02
3.209142923355102539e+02
4.070857226848602295e+02
3.209142923355102539e+02
3.714285790920257568e+02
3.090285778045654297e+02
2.971428632736206055e+02
3.476571500301361084e+02
3.565714359283447266e+02
3.030857205390930176e+02
3.595428645610809326e+02
3.862857222557067871e+02
3.298285782337188721e+02
3.833142936229705811e+02
3.922285795211791992e+02
3.387428641319274902e+02
3.625142931938171387e+02
4.011428654193878174e+02
3.030857205390930176e+02
3.298285782337188721e+02
3.981714367866516113e+02
2.733714342117309570e+02
3.001142919063568115e+02
3.684571504592895508e+02
2.733714342117309570e+02
3.506285786628723145e+02
3.357714354991912842e+02
2.763428628444671631e+02
4.486857235431671143e+02
3.357714354991912842e+02
2.852571487426757812e+02
4.784000098705291748e+02
3.357714354991912842e+02
2.971428632736206055e+02
4.189714372158050537e+02
3.001142919063568115e+02
3.149714350700378418e+02
3.744000077247619629e+02
2.733714342117309570e+02
3.030857205390930176e+02
4.100571513175964355e+02
2.941714346408843994e+02
2.763428628444671631e+02
4.219428658485412598e+02
3.120000064373016357e+02
2.436571478843688965e+02
3.565714359283447266e+02
2.941714346408843994e+02
3.922285795211791992e+02
3.446857213973999023e+02
3.060571491718292236e+02
3.417142927646636963e+02
3.179428637027740479e+02
3.595428645610809326e+02
3.238857209682464600e+02
3.179428637027740479e+02
3.387428641319274902e+02
3.149714350700378418e+02
3.238857209682464600e+02
4.011428654193878174e+02
2.941714346408843994e+02
4.219428658485412598e+02
2.971428632736206055e+02
3.238857209682464600e+02
3.209142923355102539e+02
2.882285773754119873e+02
3.744000077247619629e+02
3.328000068664550781e+02
3.892571508884429932e+02
3.417142927646636963e+02
3.268571496009826660e+02
3.001142919063568115e+02
2.733714342117309570e+02
2.852571487426757812e+02
2.912000060081481934e+02
3.060571491718292236e+02
3.387428641319274902e+02
3.209142923355102539e+02
3.773714363574981689e+02
3.209142923355102539e+02
3.862857222557067871e+02
3.446857213973999023e+02
3.862857222557067871e+02
3.476571500301361084e+02
3.536000072956085205e+02
3.238857209682464600e+02
3.238857209682464600e+02
3.238857209682464600e+02
4.041142940521240234e+02
3.536000072956085205e+02
3.268571496009826660e+02
4.041142940521240234e+02
3.952000081539154053e+02
3.773714363574981689e+02
3.744000077247619629e+02
3.981714367866516113e+02
3.744000077247619629e+02
3.833142936229705811e+02
3.357714354991912842e+02
3.417142927646636963e+02
4.011428654193878174e+02
2.912000060081481934e+02
3.149714350700378418e+02
3.922285795211791992e+02
2.912000060081481934e+02
3.565714359283447266e+02
3.565714359283447266e+02
3.030857205390930176e+02
4.278857231140136719e+02
3.417142927646636963e+02
2.941714346408843994e+02
4.368000090122222900e+02
3.417142927646636963e+02
3.149714350700378418e+02
4.070857226848602295e+02
3.090285778045654297e+02
3.565714359283447266e+02
3.981714367866516113e+02
2.674285769462585449e+02
3.446857213973999023e+02
3.981714367866516113e+02
2.941714346408843994e+02
2.852571487426757812e+02
3.536000072956085205e+02
3.328000068664550781e+02
2.525714337825775146e+02
2.882285773754119873e+02
3.001142919063568115e+02
3.714285790920257568e+02
3.357714354991912842e+02
2.882285773754119873e+02
3.060571491718292236e+02
3.209142923355102539e+02
3.298285782337188721e+02
3.238857209682464600e+02
3.298285782337188721e+02
3.476571500301361084e+02
3.684571504592895508e+02
3.357714354991912842e+02
4.724571526050567627e+02
2.971428632736206055e+02
4.754285812377929688e+02
2.822857201099395752e+02
3.417142927646636963e+02
3.001142919063568115e+02
2.882285773754119873e+02
3.892571508884429932e+02
3.357714354991912842e+02
4.219428658485412598e+02
3.476571500301361084e+02
3.417142927646636963e+02
3.001142919063568115e+02
2.733714342117309570e+02
2.763428628444671631e+02
2.882285773754119873e+02
3.001142919063568115e+02
3.417142927646636963e+02
3.179428637027740479e+02
3.773714363574981689e+02
3.268571496009826660e+02
3.714285790920257568e+02
3.446857213973999023e+02
3.744000077247619629e+02
2.763428628444671631e+02
3.417142927646636963e+02
3.744000077247619629e+02
3.298285782337188721e+02
3.238857209682464600e+02
3.417142927646636963e+02
3.981714367866516113e+02
3.595428645610809326e+02
3.120000064373016357e+02
3.892571508884429932e+02
4.070857226848602295e+02
3.476571500301361084e+02
3.684571504592895508e+02
4.278857231140136719e+02
3.744000077247619629e+02
3.773714363574981689e+02
3.862857222557067871e+02
3.506285786628723145e+02
3.922285795211791992e+02
3.268571496009826660e+02
3.357714354991912842e+02
4.011428654193878174e+02
3.179428637027740479e+02
3.625142931938171387e+02
3.862857222557067871e+02
3.357714354991912842e+02
3.833142936229705811e+02
3.625142931938171387e+02
3.209142923355102539e+02
3.506285786628723145e+02
3.595428645610809326e+02
3.149714350700378418e+02
3.565714359283447266e+02
3.387428641319274902e+02
3.506285786628723145e+02
3.833142936229705811e+02
2.941714346408843994e+02
3.536000072956085205e+02
3.684571504592895508e+02
3.001142919063568115e+02
2.941714346408843994e+02
2.971428632736206055e+02
3.357714354991912842e+02
2.585142910480499268e+02
2.763428628444671631e+02
3.209142923355102539e+02
3.744000077247619629e+02
2.822857201099395752e+02
3.536000072956085205e+02
3.149714350700378418e+02
2.496000051498413086e+02
4.070857226848602295e+02
2.555428624153137207e+02
3.536000072956085205e+02
3.090285778045654297e+02
3.417142927646636963e+02
3.565714359283447266e+02
3.446857213973999023e+02
4.070857226848602295e+02
3.298285782337188721e+02
4.665142953395843506e+02
2.971428632736206055e+02
4.605714380741119385e+02
2.763428628444671631e+02
3.654857218265533447e+02
3.001142919063568115e+02
3.238857209682464600e+02
3.981714367866516113e+02
3.446857213973999023e+02
4.219428658485412598e+02
3.417142927646636963e+02
3.268571496009826660e+02
2.912000060081481934e+02
2.496000051498413086e+02
2.674285769462585449e+02
2.644571483135223389e+02
2.912000060081481934e+02
3.179428637027740479e+02
3.179428637027740479e+02
3.565714359283447266e+02
3.328000068664550781e+02
3.446857213973999023e+02
3.268571496009826660e+02
3.565714359283447266e+02
3.030857205390930176e+02
3.001142919063568115e+02
4.100571513175964355e+02
3.328000068664550781e+02
2.912000060081481934e+02
3.892571508884429932e+02
3.803428649902343750e+02
3.209142923355102539e+02
3.179428637027740479e+02
3.773714363574981689e+02
3.714285790920257568e+02
3.238857209682464600e+02
3.803428649902343750e+02
4.249142944812774658e+02
3.625142931938171387e+02
3.773714363574981689e+02
4.278857231140136719e+02
3.476571500301361084e+02
3.654857218265533447e+02
3.654857218265533447e+02
3.417142927646636963e+02
3.892571508884429932e+02
3.357714354991912842e+02
3.565714359283447266e+02
4.100571513175964355e+02
3.595428645610809326e+02
3.387428641319274902e+02
3.892571508884429932e+02
3.446857213973999023e+02
2.971428632736206055e+02
3.654857218265533447e+02
3.030857205390930176e+02
3.238857209682464600e+02
3.595428645610809326e+02
3.238857209682464600e+02
3.625142931938171387e+02
3.268571496009826660e+02
3.565714359283447266e+02
3.298285782337188721e+02
3.090285778045654297e+02
3.060571491718292236e+02
2.704000055789947510e+02
3.179428637027740479e+02
2.704000055789947510e+02
2.971428632736206055e+02
3.357714354991912842e+02
3.149714350700378418e+02
4.249142944812774658e+02
3.357714354991912842e+02
3.446857213973999023e+02
3.090285778045654297e+02
2.377142906188964844e+02
4.308571517467498779e+02
2.317714333534240723e+02
4.130285799503326416e+02
3.149714350700378418e+02
3.862857222557067871e+02
3.744000077247619629e+02
3.476571500301361084e+02
3.922285795211791992e+02
3.238857209682464600e+02
3.862857222557067871e+02
3.179428637027740479e+02
3.892571508884429932e+02
3.030857205390930176e+02
3.744000077247619629e+02
3.298285782337188721e+02
3.565714359283447266e+02
4.070857226848602295e+02
3.476571500301361084e+02
4.100571513175964355e+02
3.268571496009826660e+02
3.060571491718292236e+02
2.941714346408843994e+02
2.347428619861602783e+02
2.793142914772033691e+02
2.377142906188964844e+02
2.971428632736206055e+02
2.912000060081481934e+02
3.238857209682464600e+02
3.268571496009826660e+02
3.357714354991912842e+02
3.060571491718292236e+02
3.060571491718292236e+02
3.090285778045654297e+02
3.476571500301361084e+02
2.674285769462585449e+02
4.100571513175964355e+02
3.357714354991912842e+02
2.614857196807861328e+02
4.338285803794860840e+02
3.773714363574981689e+02
2.852571487426757812e+02
3.565714359283447266e+02
3.862857222557067871e+02
3.268571496009826660e+02
3.357714354991912842e+02
3.803428649902343750e+02
3.952000081539154053e+02
3.654857218265533447e+02
3.536000072956085205e+02
4.368000090122222900e+02
3.446857213973999023e+02
3.387428641319274902e+02
3.773714363574981689e+02
3.328000068664550781e+02
3.833142936229705811e+02
3.298285782337188721e+02
3.417142927646636963e+02
4.160000085830688477e+02
3.595428645610809326e+02
3.238857209682464600e+02
3.833142936229705811e+02
3.476571500301361084e+02
3.001142919063568115e+02
3.476571500301361084e+02
3.060571491718292236e+02
3.268571496009826660e+02
3.595428645610809326e+02
3.328000068664550781e+02
3.446857213973999023e+02
3.536000072956085205e+02
3.773714363574981689e+02
3.090285778045654297e+02
3.209142923355102539e+02
3.238857209682464600e+02
2.733714342117309570e+02
2.971428632736206055e+02
2.733714342117309570e+02
3.090285778045654297e+02
3.298285782337188721e+02
3.179428637027740479e+02
4.189714372158050537e+02
3.744000077247619629e+02
3.536000072956085205e+02
3.357714354991912842e+02
2.644571483135223389e+02
4.486857235431671143e+02
2.733714342117309570e+02
4.605714380741119385e+02
3.446857213973999023e+02
4.397714376449584961e+02
3.773714363574981689e+02
3.654857218265533447e+02
3.476571500301361084e+02
3.387428641319274902e+02
3.090285778045654297e+02
3.446857213973999023e+02
3.090285778045654297e+02
3.387428641319274902e+02
3.446857213973999023e+02
3.654857218265533447e+02
3.565714359283447266e+02
4.219428658485412598e+02
3.268571496009826660e+02
4.041142940521240234e+02
3.090285778045654297e+02
3.120000064373016357e+02
3.149714350700378418e+02
2.555428624153137207e+02
3.209142923355102539e+02
2.466285765171051025e+02
3.209142923355102539e+02
2.852571487426757812e+02
3.328000068664550781e+02
3.090285778045654297e+02
3.357714354991912842e+02
2.674285769462585449e+02
3.001142919063568115e+02
2.614857196807861328e+02
3.714285790920257568e+02
2.793142914772033691e+02
3.684571504592895508e+02
3.238857209682464600e+02
2.763428628444671631e+02
4.397714376449584961e+02
3.773714363574981689e+02
2.793142914772033691e+02
3.981714367866516113e+02
4.100571513175964355e+02
3.030857205390930176e+02
3.744000077247619629e+02
3.714285790920257568e+02
3.714285790920257568e+02
3.833142936229705811e+02
3.001142919063568115e+02
4.011428654193878174e+02
3.446857213973999023e+02
3.001142919063568115e+02
3.417142927646636963e+02
3.030857205390930176e+02
3.684571504592895508e+02
3.060571491718292236e+02
3.268571496009826660e+02
3.981714367866516113e+02
3.328000068664550781e+02
3.506285786628723145e+02
3.506285786628723145e+02
3.357714354991912842e+02
3.446857213973999023e+02
3.120000064373016357e+02
3.357714354991912842e+02
3.476571500301361084e+02
3.476571500301361084e+02
3.892571508884429932e+02
3.446857213973999023e+02
3.684571504592895508e+02
4.189714372158050537e+02
3.179428637027740479e+02
3.268571496009826660e+02
3.417142927646636963e+02
2.941714346408843994e+02
3.001142919063568115e+02
2.882285773754119873e+02
3.001142919063568115e+02
3.268571496009826660e+02
3.149714350700378418e+02
3.506285786628723145e+02
3.684571504592895508e+02
3.476571500301361084e+02
3.595428645610809326e+02
3.654857218265533447e+02
3.446857213973999023e+02
4.546285808086395264e+02
3.536000072956085205e+02
4.754285812377929688e+02
3.892571508884429932e+02
4.605714380741119385e+02
3.744000077247619629e+02
3.892571508884429932e+02
3.238857209682464600e+02
3.625142931938171387e+02
2.763428628444671631e+02
3.654857218265533447e+02
2.763428628444671631e+02
3.565714359283447266e+02
3.209142923355102539e+02
3.773714363574981689e+02
3.328000068664550781e+02
4.219428658485412598e+02
2.971428632736206055e+02
4.041142940521240234e+02
3.030857205390930176e+02
3.595428645610809326e+02
3.654857218265533447e+02
3.179428637027740479e+02
3.803428649902343750e+02
3.001142919063568115e+02
3.506285786628723145e+02
3.120000064373016357e+02
3.387428641319274902e+02
3.209142923355102539e+02
3.298285782337188721e+02
2.733714342117309570e+02
3.060571491718292236e+02
2.496000051498413086e+02
3.595428645610809326e+02
3.120000064373016357e+02
3.536000072956085205e+02
2.852571487426757812e+02
3.149714350700378418e+02
4.160000085830688477e+02
3.565714359283447266e+02
3.060571491718292236e+02
3.892571508884429932e+02
4.160000085830688477e+02
3.149714350700378418e+02
3.803428649902343750e+02
3.536000072956085205e+02
3.536000072956085205e+02
3.862857222557067871e+02
2.466285765171051025e+02
3.417142927646636963e+02
3.328000068664550781e+02
2.585142910480499268e+02
2.822857201099395752e+02
2.763428628444671631e+02
3.476571500301361084e+02
2.644571483135223389e+02
3.149714350700378418e+02
3.625142931938171387e+02
2.912000060081481934e+02
3.714285790920257568e+02
3.149714350700378418e+02
3.090285778045654297e+02
3.744000077247619629e+02
2.941714346408843994e+02
3.565714359283447266e+02
3.625142931938171387e+02
3.328000068664550781e+02
4.427428662776947021e+02
3.595428645610809326e+02
3.565714359283447266e+02
4.397714376449584961e+02
3.417142927646636963e+02
3.328000068664550781e+02
3.595428645610809326e+02
3.090285778045654297e+02
3.268571496009826660e+02
3.209142923355102539e+02
2.882285773754119873e+02
3.357714354991912842e+02
3.268571496009826660e+02
2.971428632736206055e+02
3.328000068664550781e+02
3.030857205390930176e+02
3.506285786628723145e+02
3.803428649902343750e+02
3.952000081539154053e+02
4.635428667068481445e+02
4.219428658485412598e+02
4.665142953395843506e+02
4.219428658485412598e+02
4.546285808086395264e+02
3.684571504592895508e+02
4.041142940521240234e+02
3.238857209682464600e+02
3.862857222557067871e+02
2.941714346408843994e+02
3.773714363574981689e+02
2.912000060081481934e+02
3.536000072956085205e+02
3.179428637027740479e+02
3.654857218265533447e+02
3.149714350700378418e+02
3.892571508884429932e+02
2.852571487426757812e+02
3.862857222557067871e+02
3.238857209682464600e+02
3.892571508884429932e+02
4.070857226848602295e+02
3.952000081539154053e+02
4.041142940521240234e+02
3.684571504592895508e+02
3.565714359283447266e+02
3.476571500301361084e+02
3.328000068664550781e+02
3.536000072956085205e+02
3.179428637027740479e+02
3.357714354991912842e+02
3.120000064373016357e+02
3.209142923355102539e+02
3.179428637027740479e+02
3.417142927646636963e+02
3.714285790920257568e+02
2.377142906188964844e+02
3.446857213973999023e+02
3.744000077247619629e+02
3.149714350700378418e+02
3.209142923355102539e+02
3.328000068664550781e+02
4.011428654193878174e+02
3.238857209682464600e+02
3.387428641319274902e+02
3.298285782337188721e+02
3.417142927646636963e+02
3.654857218265533447e+02
2.198857188224792480e+02
2.852571487426757812e+02
3.268571496009826660e+02
2.436571478843688965e+02
2.258285760879516602e+02
2.793142914772033691e+02
3.120000064373016357e+02
2.377142906188964844e+02
3.090285778045654297e+02
3.268571496009826660e+02
2.555428624153137207e+02
3.654857218265533447e+02
3.149714350700378418e+02
2.614857196807861328e+02
3.595428645610809326e+02
3.120000064373016357e+02
3.417142927646636963e+02
3.536000072956085205e+02
3.209142923355102539e+02
4.427428662776947021e+02
3.803428649902343750e+02
3.238857209682464600e+02
4.041142940521240234e+02
3.714285790920257568e+02
3.298285782337188721e+02
3.536000072956085205e+02
3.268571496009826660e+02
3.536000072956085205e+02
3.595428645610809326e+02
3.001142919063568115e+02
3.417142927646636963e+02
3.625142931938171387e+02
2.941714346408843994e+02
2.971428632736206055e+02
2.822857201099395752e+02
3.298285782337188721e+02
3.744000077247619629e+02
4.219428658485412598e+02
4.546285808086395264e+02
4.605714380741119385e+02
4.249142944812774658e+02
4.368000090122222900e+02
3.654857218265533447e+02
4.011428654193878174e+02
3.387428641319274902e+02
4.011428654193878174e+02
3.298285782337188721e+02
3.922285795211791992e+02
3.209142923355102539e+02
3.625142931938171387e+02
3.357714354991912842e+02
3.476571500301361084e+02
3.238857209682464600e+02
3.476571500301361084e+02
3.120000064373016357e+02
3.417142927646636963e+02
3.625142931938171387e+02
3.862857222557067871e+02
4.100571513175964355e+02
4.308571517467498779e+02
3.803428649902343750e+02
3.862857222557067871e+02
3.387428641319274902e+02
3.506285786628723145e+02
3.268571496009826660e+02
3.803428649902343750e+02
3.149714350700378418e+02
4.130285799503326416e+02
3.328000068664550781e+02
4.011428654193878174e+02
2.912000060081481934e+02
3.773714363574981689e+02
3.833142936229705811e+02
2.288000047206878662e+02
3.536000072956085205e+02
3.387428641319274902e+02
3.030857205390930176e+02
3.060571491718292236e+02
2.793142914772033691e+02
3.833142936229705811e+02
3.120000064373016357e+02
2.793142914772033691e+02
3.030857205390930176e+02
3.268571496009826660e+02
3.238857209682464600e+02
2.317714333534240723e+02
2.555428624153137207e+02
3.179428637027740479e+02
2.733714342117309570e+02
2.050285756587982178e+02
2.912000060081481934e+02
3.060571491718292236e+02
2.377142906188964844e+02
3.001142919063568115e+02
3.090285778045654297e+02
2.466285765171051025e+02
3.328000068664550781e+02
3.417142927646636963e+02
2.347428619861602783e+02
3.238857209682464600e+02
3.565714359283447266e+02
3.060571491718292236e+02
3.417142927646636963e+02
3.209142923355102539e+02
3.892571508884429932e+02
3.922285795211791992e+02
3.030857205390930176e+02
3.565714359283447266e+02
3.892571508884429932e+02
3.417142927646636963e+02
3.387428641319274902e+02
3.446857213973999023e+02
3.565714359283447266e+02
3.744000077247619629e+02
3.328000068664550781e+02
3.179428637027740479e+02
3.952000081539154053e+02
3.268571496009826660e+02
2.733714342117309570e+02
2.852571487426757812e+02
3.238857209682464600e+02
3.773714363574981689e+02
4.338285803794860840e+02
4.665142953395843506e+02
4.427428662776947021e+02
4.635428667068481445e+02
4.011428654193878174e+02
4.308571517467498779e+02
3.654857218265533447e+02
3.892571508884429932e+02
3.536000072956085205e+02
4.070857226848602295e+02
3.506285786628723145e+02
4.219428658485412598e+02
3.506285786628723145e+02
4.011428654193878174e+02
3.536000072956085205e+02
3.625142931938171387e+02
3.446857213973999023e+02
3.238857209682464600e+02
3.506285786628723145e+02
3.001142919063568115e+02
3.922285795211791992e+02
3.625142931938171387e+02
3.922285795211791992e+02
4.160000085830688477e+02
3.506285786628723145e+02
3.595428645610809326e+02
3.357714354991912842e+02
3.209142923355102539e+02
3.387428641319274902e+02
3.862857222557067871e+02
3.328000068664550781e+02
4.516571521759033203e+02
3.744000077247619629e+02
4.278857231140136719e+02
2.941714346408843994e+02
4.338285803794860840e+02
3.744000077247619629e+02
2.585142910480499268e+02
3.595428645610809326e+02
3.238857209682464600e+02
3.357714354991912842e+02
2.674285769462585449e+02
2.763428628444671631e+02
3.714285790920257568e+02
2.852571487426757812e+02
2.614857196807861328e+02
2.793142914772033691e+02
3.149714350700378418e+02
2.852571487426757812e+02
2.436571478843688965e+02
2.525714337825775146e+02
2.971428632736206055e+02
3.238857209682464600e+02
2.198857188224792480e+02
2.882285773754119873e+02
3.268571496009826660e+02
2.614857196807861328e+02
2.941714346408843994e+02
3.149714350700378418e+02
2.614857196807861328e+02
3.030857205390930176e+02
3.654857218265533447e+02
2.288000047206878662e+02
3.060571491718292236e+02
3.833142936229705811e+02
2.733714342117309570e+02
3.446857213973999023e+02
3.268571496009826660e+02
3.387428641319274902e+02
4.011428654193878174e+02
3.209142923355102539e+02
3.209142923355102539e+02
3.862857222557067871e+02
3.625142931938171387e+02
3.060571491718292236e+02
3.536000072956085205e+02
3.417142927646636963e+02
3.476571500301361084e+02
3.654857218265533447e+02
2.852571487426757812e+02
3.565714359283447266e+02
2.614857196807861328e+02
2.882285773754119873e+02
3.833142936229705811e+02
4.219428658485412598e+02
4.308571517467498779e+02
4.011428654193878174e+02
4.576000094413757324e+02
3.684571504592895508e+02
4.397714376449584961e+02
3.654857218265533447e+02
3.981714367866516113e+02
3.625142931938171387e+02
4.219428658485412598e+02
3.654857218265533447e+02
4.665142953395843506e+02
3.684571504592895508e+02
4.724571526050567627e+02
3.595428645610809326e+02
4.130285799503326416e+02
3.446857213973999023e+02
3.328000068664550781e+02
3.773714363574981689e+02
3.030857205390930176e+02
4.160000085830688477e+02
3.506285786628723145e+02
3.862857222557067871e+02
3.744000077247619629e+02
3.506285786628723145e+02
3.209142923355102539e+02
3.654857218265533447e+02
3.001142919063568115e+02
3.684571504592895508e+02
3.892571508884429932e+02
3.714285790920257568e+02
4.397714376449584961e+02
4.338285803794860840e+02
3.922285795211791992e+02
3.209142923355102539e+02
4.902857244014739990e+02
3.357714354991912842e+02
3.030857205390930176e+02
3.654857218265533447e+02
3.179428637027740479e+02
3.773714363574981689e+02
2.585142910480499268e+02
3.090285778045654297e+02
3.922285795211791992e+02
2.763428628444671631e+02
2.852571487426757812e+02
2.614857196807861328e+02
3.030857205390930176e+02
2.674285769462585449e+02
2.466285765171051025e+02
2.525714337825775146e+02
2.763428628444671631e+02
3.773714363574981689e+02
2.377142906188964844e+02
3.001142919063568115e+02
3.862857222557067871e+02
2.822857201099395752e+02
3.030857205390930176e+02
3.328000068664550781e+02
2.852571487426757812e+02
3.120000064373016357e+02
3.595428645610809326e+02
2.466285765171051025e+02
3.209142923355102539e+02
3.773714363574981689e+02
2.644571483135223389e+02
3.536000072956085205e+02
3.446857213973999023e+02
3.209142923355102539e+02
3.892571508884429932e+02
3.565714359283447266e+02
3.149714350700378418e+02
3.714285790920257568e+02
3.803428649902343750e+02
2.852571487426757812e+02
3.625142931938171387e+02
3.328000068664550781e+02
2.971428632736206055e+02
3.773714363574981689e+02
2.674285769462585449e+02
3.595428645610809326e+02
2.644571483135223389e+02
2.912000060081481934e+02
3.892571508884429932e+02
4.070857226848602295e+02
3.952000081539154053e+02
3.862857222557067871e+02
3.684571504592895508e+02
4.397714376449584961e+02
3.536000072956085205e+02
4.635428667068481445e+02
3.595428645610809326e+02
4.338285803794860840e+02
3.595428645610809326e+02
4.457142949104309082e+02
3.714285790920257568e+02
4.992000102996826172e+02
3.803428649902343750e+02
5.200000107288360596e+02
3.536000072956085205e+02
4.576000094413757324e+02
3.328000068664550781e+02
3.714285790920257568e+02
3.833142936229705811e+02
3.476571500301361084e+02
4.368000090122222900e+02
3.684571504592895508e+02
4.011428654193878174e+02
3.506285786628723145e+02
3.744000077247619629e+02
3.060571491718292236e+02
3.952000081539154053e+02
3.268571496009826660e+02
4.011428654193878174e+02
3.892571508884429932e+02
4.219428658485412598e+02
3.952000081539154053e+02
4.724571526050567627e+02
3.387428641319274902e+02
3.476571500301361084e+02
4.962285816669464111e+02
3.001142919063568115e+02
3.328000068664550781e+02
3.625142931938171387e+02
3.120000064373016357e+02
3.981714367866516113e+02
2.733714342117309570e+02
3.328000068664550781e+02
4.041142940521240234e+02
3.001142919063568115e+02
3.120000064373016357e+02
2.704000055789947510e+02
3.149714350700378418e+02
2.763428628444671631e+02
2.525714337825775146e+02
2.525714337825775146e+02
2.733714342117309570e+02
4.160000085830688477e+02
2.466285765171051025e+02
3.060571491718292236e+02
4.486857235431671143e+02
3.001142919063568115e+02
3.238857209682464600e+02
3.625142931938171387e+02
3.060571491718292236e+02
3.476571500301361084e+02
3.357714354991912842e+02
2.733714342117309570e+02
3.506285786628723145e+02
3.417142927646636963e+02
2.852571487426757812e+02
3.476571500301361084e+02
3.506285786628723145e+02
3.298285782337188721e+02
3.625142931938171387e+02
3.773714363574981689e+02
3.209142923355102539e+02
3.654857218265533447e+02
3.744000077247619629e+02
2.793142914772033691e+02
3.744000077247619629e+02
3.417142927646636963e+02
2.674285769462585449e+02
3.595428645610809326e+02
3.090285778045654297e+02
3.298285782337188721e+02
2.852571487426757812e+02
3.833142936229705811e+02
4.189714372158050537e+02
3.654857218265533447e+02
3.565714359283447266e+02
3.476571500301361084e+02
4.160000085830688477e+02
3.565714359283447266e+02
4.813714385032653809e+02
3.565714359283447266e+02
4.754285812377929688e+02
3.476571500301361084e+02
4.605714380741119385e+02
3.684571504592895508e+02
4.754285812377929688e+02
3.862857222557067871e+02
4.962285816669464111e+02
3.446857213973999023e+02
4.694857239723205566e+02
3.179428637027740479e+02
4.100571513175964355e+02
3.803428649902343750e+02
3.892571508884429932e+02
4.457142949104309082e+02
3.892571508884429932e+02
4.160000085830688477e+02
3.625142931938171387e+02
3.714285790920257568e+02
3.357714354991912842e+02
3.862857222557067871e+02
3.654857218265533447e+02
4.011428654193878174e+02
3.892571508884429932e+02
4.338285803794860840e+02
3.625142931938171387e+02
4.605714380741119385e+02
3.179428637027740479e+02
3.625142931938171387e+02
4.457142949104309082e+02
3.060571491718292236e+02
3.446857213973999023e+02
3.238857209682464600e+02
3.149714350700378418e+02
3.892571508884429932e+02
2.793142914772033691e+02
3.209142923355102539e+02
3.892571508884429932e+02
3.446857213973999023e+02
3.120000064373016357e+02
2.882285773754119873e+02
3.446857213973999023e+02
3.030857205390930176e+02
2.704000055789947510e+02
2.496000051498413086e+02
2.882285773754119873e+02
4.368000090122222900e+02
2.496000051498413086e+02
3.030857205390930176e+02
5.021714389324188232e+02
3.120000064373016357e+02
3.417142927646636963e+02
3.892571508884429932e+02
3.298285782337188721e+02
3.714285790920257568e+02
3.120000064373016357e+02
3.030857205390930176e+02
3.595428645610809326e+02
3.090285778045654297e+02
3.120000064373016357e+02
3.238857209682464600e+02
3.446857213973999023e+02
3.268571496009826660e+02
3.328000068664550781e+02
3.654857218265533447e+02
3.120000064373016357e+02
3.625142931938171387e+02
3.506285786628723145e+02
2.852571487426757812e+02
3.833142936229705811e+02
3.506285786628723145e+02
3.476571500301361084e+02
3.714285790920257568e+02
3.060571491718292236e+02
3.328000068664550781e+02
3.714285790920257568e+02
4.368000090122222900e+02
3.387428641319274902e+02
3.417142927646636963e+02
3.387428641319274902e+02
3.773714363574981689e+02
3.654857218265533447e+02
4.724571526050567627e+02
3.536000072956085205e+02
4.962285816669464111e+02
3.268571496009826660e+02
4.605714380741119385e+02
3.476571500301361084e+02
4.249142944812774658e+02
3.684571504592895508e+02
4.368000090122222900e+02
3.357714354991912842e+02
4.486857235431671143e+02
3.120000064373016357e+02
4.278857231140136719e+02
3.625142931938171387e+02
3.952000081539154053e+02
4.308571517467498779e+02
3.892571508884429932e+02
4.189714372158050537e+02
3.922285795211791992e+02
3.446857213973999023e+02
3.803428649902343750e+02
3.209142923355102539e+02
3.744000077247619629e+02
3.536000072956085205e+02
3.714285790920257568e+02
4.100571513175964355e+02
3.476571500301361084e+02
4.219428658485412598e+02
3.209142923355102539e+02
3.595428645610809326e+02
3.744000077247619629e+02
3.298285782337188721e+02
3.476571500301361084e+02
2.763428628444671631e+02
3.209142923355102539e+02
3.714285790920257568e+02
2.614857196807861328e+02
2.882285773754119873e+02
3.684571504592895508e+02
3.565714359283447266e+02
3.001142919063568115e+02
3.060571491718292236e+02
3.714285790920257568e+02
3.476571500301361084e+02
3.001142919063568115e+02
2.704000055789947510e+02
3.238857209682464600e+02
4.397714376449584961e+02
2.436571478843688965e+02
2.941714346408843994e+02
5.170285820960998535e+02
3.120000064373016357e+02
3.357714354991912842e+02
3.952000081539154053e+02
3.357714354991912842e+02
3.714285790920257568e+02
2.941714346408843994e+02
3.149714350700378418e+02
3.387428641319274902e+02
2.971428632736206055e+02
3.149714350700378418e+02
2.941714346408843994e+02
3.328000068664550781e+02
3.090285778045654297e+02
3.120000064373016357e+02
3.417142927646636963e+02
2.882285773754119873e+02
3.595428645610809326e+02
3.268571496009826660e+02
2.882285773754119873e+02
3.714285790920257568e+02
3.595428645610809326e+02
3.387428641319274902e+02
4.130285799503326416e+02
3.090285778045654297e+02
3.595428645610809326e+02
3.654857218265533447e+02
4.130285799503326416e+02
3.209142923355102539e+02
3.238857209682464600e+02
3.179428637027740479e+02
3.417142927646636963e+02
3.506285786628723145e+02
4.249142944812774658e+02
3.506285786628723145e+02
4.754285812377929688e+02
3.238857209682464600e+02
4.516571521759033203e+02
3.328000068664550781e+02
3.952000081539154053e+02
3.446857213973999023e+02
3.952000081539154053e+02
3.328000068664550781e+02
4.368000090122222900e+02
3.209142923355102539e+02
4.338285803794860840e+02
3.446857213973999023e+02
3.833142936229705811e+02
4.041142940521240234e+02
3.714285790920257568e+02
4.160000085830688477e+02
4.130285799503326416e+02
3.149714350700378418e+02
3.981714367866516113e+02
2.406857192516326904e+02
3.476571500301361084e+02
2.941714346408843994e+02
3.476571500301361084e+02
3.833142936229705811e+02
3.476571500301361084e+02
3.892571508884429932e+02
3.298285782337188721e+02
3.446857213973999023e+02
3.387428641319274902e+02
3.387428641319274902e+02
3.595428645610809326e+02
2.585142910480499268e+02
3.238857209682464600e+02
3.714285790920257568e+02
2.466285765171051025e+02
2.674285769462585449e+02
3.565714359283447266e+02
3.357714354991912842e+02
3.120000064373016357e+02
3.209142923355102539e+02
3.744000077247619629e+02
4.189714372158050537e+02
3.298285782337188721e+02
2.882285773754119873e+02
3.684571504592895508e+02
4.249142944812774658e+02
2.496000051498413086e+02
2.941714346408843994e+02
4.694857239723205566e+02
2.912000060081481934e+02
3.179428637027740479e+02
3.595428645610809326e+02
3.120000064373016357e+02
3.536000072956085205e+02
2.852571487426757812e+02
3.001142919063568115e+02
3.090285778045654297e+02
3.120000064373016357e+02
2.941714346408843994e+02
2.674285769462585449e+02
3.357714354991912842e+02
2.882285773754119873e+02
3.030857205390930176e+02
3.268571496009826660e+02
2.704000055789947510e+02
3.506285786628723145e+02
3.268571496009826660e+02
3.536000072956085205e+02
3.595428645610809326e+02
3.476571500301361084e+02
3.892571508884429932e+02
3.536000072956085205e+02
3.803428649902343750e+02
3.179428637027740479e+02
3.120000064373016357e+02
2.971428632736206055e+02
2.912000060081481934e+02
3.238857209682464600e+02
3.238857209682464600e+02
3.862857222557067871e+02
3.536000072956085205e+02
4.427428662776947021e+02
3.536000072956085205e+02
4.427428662776947021e+02
3.328000068664550781e+02
4.011428654193878174e+02
3.179428637027740479e+02
3.981714367866516113e+02
3.298285782337188721e+02
4.427428662776947021e+02
3.357714354991912842e+02
4.486857235431671143e+02
3.298285782337188721e+02
3.773714363574981689e+02
3.744000077247619629e+02
3.595428645610809326e+02
4.100571513175964355e+02
4.100571513175964355e+02
3.209142923355102539e+02
3.892571508884429932e+02
2.347428619861602783e+02
3.268571496009826660e+02
2.704000055789947510e+02
3.387428641319274902e+02
3.565714359283447266e+02
3.595428645610809326e+02
3.625142931938171387e+02
3.417142927646636963e+02
3.387428641319274902e+02
3.357714354991912842e+02
3.417142927646636963e+02
3.773714363574981689e+02
2.912000060081481934e+02
3.179428637027740479e+02
3.803428649902343750e+02
2.614857196807861328e+02
2.644571483135223389e+02
3.625142931938171387e+02
2.912000060081481934e+02
3.536000072956085205e+02
3.417142927646636963e+02
3.387428641319274902e+02
4.873142957687377930e+02
3.536000072956085205e+02
3.001142919063568115e+02
4.070857226848602295e+02
4.011428654193878174e+02
2.585142910480499268e+02
2.941714346408843994e+02
3.892571508884429932e+02
2.704000055789947510e+02
3.090285778045654297e+02
2.822857201099395752e+02
2.822857201099395752e+02
3.387428641319274902e+02
2.704000055789947510e+02
2.793142914772033691e+02
2.971428632736206055e+02
3.357714354991912842e+02
2.882285773754119873e+02
2.674285769462585449e+02
3.417142927646636963e+02
2.912000060081481934e+02
3.030857205390930176e+02
3.328000068664550781e+02
2.704000055789947510e+02
3.565714359283447266e+02
3.506285786628723145e+02
3.625142931938171387e+02
3.565714359283447266e+02
3.565714359283447266e+02
3.328000068664550781e+02
3.238857209682464600e+02
3.892571508884429932e+02
3.238857209682464600e+02
2.852571487426757812e+02
2.822857201099395752e+02
3.357714354991912842e+02
3.090285778045654297e+02
3.922285795211791992e+02
3.744000077247619629e+02
4.397714376449584961e+02
4.011428654193878174e+02
4.427428662776947021e+02
3.565714359283447266e+02
4.130285799503326416e+02
3.120000064373016357e+02
4.130285799503326416e+02
3.298285782337188721e+02
4.576000094413757324e+02
3.625142931938171387e+02
4.665142953395843506e+02
3.476571500301361084e+02
3.922285795211791992e+02
3.595428645610809326e+02
3.595428645610809326e+02
4.041142940521240234e+02
3.922285795211791992e+02
3.565714359283447266e+02
3.773714363574981689e+02
3.001142919063568115e+02
3.328000068664550781e+02
2.971428632736206055e+02
3.565714359283447266e+02
3.417142927646636963e+02
3.922285795211791992e+02
3.446857213973999023e+02
3.744000077247619629e+02
3.684571504592895508e+02
3.446857213973999023e+02
3.595428645610809326e+02
4.070857226848602295e+02
3.357714354991912842e+02
3.149714350700378418e+02
3.833142936229705811e+02
2.941714346408843994e+02
2.763428628444671631e+02
3.565714359283447266e+02
2.733714342117309570e+02
3.922285795211791992e+02
3.565714359283447266e+02
2.971428632736206055e+02
5.051428675651550293e+02
3.773714363574981689e+02
2.912000060081481934e+02
4.070857226848602295e+02
3.773714363574981689e+02
2.822857201099395752e+02
3.149714350700378418e+02
3.060571491718292236e+02
2.882285773754119873e+02
3.238857209682464600e+02
2.228571474552154541e+02
2.852571487426757812e+02
3.476571500301361084e+02
2.704000055789947510e+02
2.763428628444671631e+02
3.179428637027740479e+02
3.565714359283447266e+02
2.971428632736206055e+02
2.882285773754119873e+02
3.536000072956085205e+02
3.030857205390930176e+02
3.120000064373016357e+02
3.446857213973999023e+02
2.822857201099395752e+02
3.744000077247619629e+02
3.714285790920257568e+02
4.041142940521240234e+02
3.506285786628723145e+02
2.941714346408843994e+02
3.001142919063568115e+02
3.892571508884429932e+02
3.536000072956085205e+02
3.298285782337188721e+02
3.179428637027740479e+02
3.833142936229705811e+02
3.328000068664550781e+02
4.278857231140136719e+02
3.981714367866516113e+02
4.546285808086395264e+02
4.338285803794860840e+02
4.427428662776947021e+02
3.833142936229705811e+02
4.100571513175964355e+02
3.120000064373016357e+02
4.249142944812774658e+02
3.268571496009826660e+02
4.754285812377929688e+02
3.803428649902343750e+02
4.843428671360015869e+02
3.892571508884429932e+02
4.130285799503326416e+02
3.833142936229705811e+02
3.654857218265533447e+02
4.070857226848602295e+02
3.714285790920257568e+02
4.011428654193878174e+02
3.744000077247619629e+02
3.684571504592895508e+02
3.536000072956085205e+02
3.565714359283447266e+02
3.744000077247619629e+02
3.476571500301361084e+02
4.130285799503326416e+02
3.268571496009826660e+02
4.189714372158050537e+02
4.130285799503326416e+02
3.357714354991912842e+02
3.892571508884429932e+02
4.308571517467498779e+02
3.476571500301361084e+02
3.268571496009826660e+02
3.625142931938171387e+02
3.149714350700378418e+02
2.912000060081481934e+02
3.387428641319274902e+02
2.822857201099395752e+02
4.011428654193878174e+02
3.714285790920257568e+02
2.674285769462585449e+02
4.724571526050567627e+02
4.011428654193878174e+02
2.822857201099395752e+02
3.892571508884429932e+02
3.506285786628723145e+02
3.060571491718292236e+02
3.209142923355102539e+02
2.555428624153137207e+02
3.238857209682464600e+02
3.446857213973999023e+02
2.169142901897430420e+02
3.120000064373016357e+02
3.654857218265533447e+02
3.001142919063568115e+02
3.001142919063568115e+02
3.536000072956085205e+02
3.833142936229705811e+02
3.209142923355102539e+02
3.238857209682464600e+02
3.654857218265533447e+02
3.268571496009826660e+02
3.268571496009826660e+02
3.506285786628723145e+02
3.120000064373016357e+02
3.922285795211791992e+02
3.714285790920257568e+02
4.457142949104309082e+02
3.536000072956085205e+02
2.971428632736206055e+02
2.971428632736206055e+02
3.773714363574981689e+02
3.773714363574981689e+02
3.654857218265533447e+02
4.308571517467498779e+02
3.714285790920257568e+02
4.486857235431671143e+02
4.041142940521240234e+02
4.635428667068481445e+02
4.189714372158050537e+02
4.308571517467498779e+02
3.803428649902343750e+02
4.041142940521240234e+02
3.209142923355102539e+02
4.338285803794860840e+02
3.090285778045654297e+02
4.813714385032653809e+02
3.654857218265533447e+02
4.694857239723205566e+02
4.189714372158050537e+02
4.100571513175964355e+02
4.219428658485412598e+02
3.684571504592895508e+02
4.100571513175964355e+02
3.714285790920257568e+02
4.130285799503326416e+02
3.803428649902343750e+02
4.219428658485412598e+02
3.595428645610809326e+02
4.070857226848602295e+02
3.595428645610809326e+02
3.595428645610809326e+02
3.922285795211791992e+02
3.238857209682464600e+02
4.219428658485412598e+02
4.368000090122222900e+02
3.238857209682464600e+02
4.100571513175964355e+02
4.249142944812774658e+02
3.179428637027740479e+02
3.536000072956085205e+02
3.328000068664550781e+02
3.090285778045654297e+02
3.209142923355102539e+02
3.238857209682464600e+02
2.941714346408843994e+02
3.892571508884429932e+02
3.892571508884429932e+02
2.644571483135223389e+02
4.308571517467498779e+02
4.100571513175964355e+02
2.733714342117309570e+02
3.833142936229705811e+02
3.357714354991912842e+02
3.179428637027740479e+02
3.446857213973999023e+02
2.585142910480499268e+02
3.476571500301361084e+02
3.476571500301361084e+02
2.822857201099395752e+02
3.357714354991912842e+02
3.446857213973999023e+02
3.714285790920257568e+02
3.328000068664550781e+02
3.625142931938171387e+02
4.100571513175964355e+02
3.536000072956085205e+02
3.565714359283447266e+02
3.892571508884429932e+02
3.625142931938171387e+02
3.417142927646636963e+02
3.625142931938171387e+02
3.565714359283447266e+02
3.952000081539154053e+02
3.714285790920257568e+02
4.576000094413757324e+02
3.714285790920257568e+02
3.357714354991912842e+02
3.179428637027740479e+02
3.565714359283447266e+02
3.773714363574981689e+02
3.862857222557067871e+02
3.862857222557067871e+02
4.427428662776947021e+02
3.773714363574981689e+02
4.457142949104309082e+02
3.744000077247619629e+02
4.070857226848602295e+02
3.625142931938171387e+02
4.070857226848602295e+02
3.268571496009826660e+02
4.546285808086395264e+02
2.912000060081481934e+02
4.694857239723205566e+02
3.030857205390930176e+02
4.130285799503326416e+02
3.922285795211791992e+02
3.625142931938171387e+02
4.338285803794860840e+02
3.654857218265533447e+02
4.070857226848602295e+02
3.952000081539154053e+02
4.070857226848602295e+02
3.922285795211791992e+02
4.516571521759033203e+02
3.506285786628723145e+02
4.427428662776947021e+02
3.238857209682464600e+02
3.744000077247619629e+02
3.357714354991912842e+02
3.387428641319274902e+02
3.714285790920257568e+02
4.100571513175964355e+02
3.268571496009826660e+02
3.892571508884429932e+02
3.803428649902343750e+02
2.822857201099395752e+02
3.862857222557067871e+02
3.268571496009826660e+02
2.852571487426757812e+02
3.684571504592895508e+02
3.536000072956085205e+02
2.852571487426757812e+02
4.011428654193878174e+02
4.219428658485412598e+02
2.674285769462585449e+02
4.278857231140136719e+02
3.952000081539154053e+02
2.733714342117309570e+02
4.041142940521240234e+02
3.179428637027740479e+02
3.120000064373016357e+02
3.744000077247619629e+02
3.179428637027740479e+02
3.387428641319274902e+02
3.357714354991912842e+02
3.922285795211791992e+02
3.417142927646636963e+02
3.001142919063568115e+02
4.278857231140136719e+02
3.536000072956085205e+02
3.417142927646636963e+02
4.249142944812774658e+02
3.833142936229705811e+02
3.684571504592895508e+02
4.100571513175964355e+02
4.219428658485412598e+02
3.595428645610809326e+02
3.803428649902343750e+02
4.308571517467498779e+02
3.862857222557067871e+02
3.833142936229705811e+02
4.397714376449584961e+02
4.041142940521240234e+02
3.833142936229705811e+02
3.268571496009826660e+02
3.506285786628723145e+02
3.654857218265533447e+02
3.714285790920257568e+02
3.595428645610809326e+02
4.160000085830688477e+02
3.446857213973999023e+02
3.773714363574981689e+02
3.446857213973999023e+02
3.981714367866516113e+02
3.328000068664550781e+02
4.694857239723205566e+02
2.793142914772033691e+02
4.427428662776947021e+02
2.436571478843688965e+02
3.417142927646636963e+02
3.357714354991912842e+02
3.090285778045654297e+02
4.219428658485412598e+02
3.684571504592895508e+02
3.833142936229705811e+02
4.278857231140136719e+02
3.744000077247619629e+02
4.070857226848602295e+02
4.576000094413757324e+02
3.417142927646636963e+02
4.576000094413757324e+02
3.149714350700378418e+02
3.803428649902343750e+02
3.120000064373016357e+02
3.654857218265533447e+02
3.595428645610809326e+02
3.120000064373016357e+02
3.625142931938171387e+02
3.476571500301361084e+02
3.446857213973999023e+02
3.417142927646636963e+02
2.763428628444671631e+02
3.922285795211791992e+02
3.506285786628723145e+02
2.704000055789947510e+02
4.100571513175964355e+02
4.219428658485412598e+02
2.704000055789947510e+02
4.219428658485412598e+02
4.635428667068481445e+02
2.644571483135223389e+02
4.368000090122222900e+02
3.684571504592895508e+02
2.704000055789947510e+02
4.249142944812774658e+02
3.060571491718292236e+02
3.030857205390930176e+02
3.892571508884429932e+02
3.952000081539154053e+02
3.149714350700378418e+02
3.268571496009826660e+02
4.576000094413757324e+02
3.328000068664550781e+02
2.614857196807861328e+02
4.338285803794860840e+02
3.595428645610809326e+02
3.060571491718292236e+02
4.160000085830688477e+02
3.862857222557067871e+02
3.536000072956085205e+02
4.249142944812774658e+02
4.516571521759033203e+02
3.625142931938171387e+02
4.070857226848602295e+02
4.992000102996826172e+02
3.773714363574981689e+02
4.011428654193878174e+02
4.189714372158050537e+02
4.249142944812774658e+02
4.308571517467498779e+02
3.892571508884429932e+02
3.179428637027740479e+02
3.209142923355102539e+02
3.298285782337188721e+02
3.536000072956085205e+02
3.595428645610809326e+02
3.446857213973999023e+02
3.268571496009826660e+02
3.833142936229705811e+02
3.209142923355102539e+02
4.486857235431671143e+02
2.704000055789947510e+02
4.100571513175964355e+02
2.347428619861602783e+02
3.060571491718292236e+02
3.120000064373016357e+02
2.912000060081481934e+02
3.981714367866516113e+02
3.892571508884429932e+02
3.476571500301361084e+02
4.457142949104309082e+02
3.328000068664550781e+02
4.041142940521240234e+02
4.397714376449584961e+02
3.476571500301361084e+02
4.427428662776947021e+02
3.506285786628723145e+02
3.506285786628723145e+02
3.446857213973999023e+02
3.654857218265533447e+02
3.595428645610809326e+02
2.941714346408843994e+02
3.446857213973999023e+02
3.744000077247619629e+02
3.090285778045654297e+02
3.446857213973999023e+02
3.060571491718292236e+02
3.773714363574981689e+02
3.922285795211791992e+02
2.822857201099395752e+02
4.249142944812774658e+02
4.754285812377929688e+02
2.763428628444671631e+02
4.338285803794860840e+02
4.784000098705291748e+02
2.614857196807861328e+02
4.338285803794860840e+02
3.536000072956085205e+02
2.674285769462585449e+02
4.189714372158050537e+02
3.090285778045654297e+02
3.001142919063568115e+02
3.833142936229705811e+02
4.308571517467498779e+02
3.120000064373016357e+02
3.328000068664550781e+02
4.754285812377929688e+02
3.268571496009826660e+02
2.793142914772033691e+02
4.011428654193878174e+02
3.595428645610809326e+02
2.852571487426757812e+02
3.862857222557067871e+02
3.744000077247619629e+02
3.238857209682464600e+02
4.219428658485412598e+02
4.427428662776947021e+02
3.506285786628723145e+02
4.219428658485412598e+02
5.170285820960998535e+02
3.714285790920257568e+02
4.011428654193878174e+02
4.070857226848602295e+02
4.070857226848602295e+02
4.338285803794860840e+02
3.595428645610809326e+02
2.971428632736206055e+02
3.209142923355102539e+02
3.595428645610809326e+02
3.922285795211791992e+02
3.565714359283447266e+02
2.971428632736206055e+02
2.912000060081481934e+02
2.852571487426757812e+02
3.981714367866516113e+02
2.882285773754119873e+02
3.298285782337188721e+02
3.446857213973999023e+02
3.238857209682464600e+02
3.744000077247619629e+02
3.981714367866516113e+02
3.090285778045654297e+02
4.278857231140136719e+02
3.060571491718292236e+02
3.773714363574981689e+02
4.041142940521240234e+02
3.506285786628723145e+02
4.041142940521240234e+02
3.922285795211791992e+02
3.209142923355102539e+02
3.952000081539154053e+02
3.773714363574981689e+02
3.417142927646636963e+02
3.120000064373016357e+02
3.744000077247619629e+02
3.833142936229705811e+02
3.090285778045654297e+02
3.773714363574981689e+02
3.357714354991912842e+02
3.654857218265533447e+02
4.160000085830688477e+02
3.179428637027740479e+02
4.130285799503326416e+02
4.694857239723205566e+02
3.090285778045654297e+02
4.219428658485412598e+02
4.576000094413757324e+02
2.793142914772033691e+02
4.011428654193878174e+02
3.446857213973999023e+02
2.733714342117309570e+02
3.803428649902343750e+02
3.268571496009826660e+02
3.120000064373016357e+02
3.744000077247619629e+02
4.368000090122222900e+02
3.357714354991912842e+02
3.595428645610809326e+02
4.516571521759033203e+02
3.506285786628723145e+02
3.357714354991912842e+02
3.684571504592895508e+02
3.684571504592895508e+02
3.120000064373016357e+02
3.565714359283447266e+02
3.654857218265533447e+02
3.090285778045654297e+02
3.981714367866516113e+02
4.041142940521240234e+02
3.328000068664550781e+02
4.041142940521240234e+02
4.635428667068481445e+02
3.625142931938171387e+02
3.773714363574981689e+02
3.952000081539154053e+02
3.565714359283447266e+02
4.219428658485412598e+02
3.209142923355102539e+02
2.912000060081481934e+02
4.070857226848602295e+02
4.368000090122222900e+02
3.654857218265533447e+02
2.733714342117309570e+02
2.733714342117309570e+02
3.179428637027740479e+02
3.565714359283447266e+02
3.981714367866516113e+02
3.892571508884429932e+02
3.862857222557067871e+02
3.773714363574981689e+02
3.981714367866516113e+02
3.001142919063568115e+02
3.892571508884429932e+02
2.941714346408843994e+02
3.565714359283447266e+02
3.476571500301361084e+02
3.565714359283447266e+02
3.476571500301361084e+02
3.952000081539154053e+02
2.971428632736206055e+02
3.892571508884429932e+02
4.011428654193878174e+02
3.238857209682464600e+02
3.268571496009826660e+02
4.219428658485412598e+02
3.744000077247619629e+02
3.238857209682464600e+02
4.130285799503326416e+02
3.506285786628723145e+02
3.714285790920257568e+02
4.130285799503326416e+02
3.506285786628723145e+02
4.100571513175964355e+02
4.160000085830688477e+02
3.446857213973999023e+02
3.952000081539154053e+02
3.922285795211791992e+02
3.090285778045654297e+02
3.476571500301361084e+02
3.357714354991912842e+02
2.941714346408843994e+02
3.298285782337188721e+02
3.506285786628723145e+02
3.238857209682464600e+02
3.625142931938171387e+02
4.100571513175964355e+02
3.625142931938171387e+02
3.773714363574981689e+02
4.130285799503326416e+02
3.833142936229705811e+02
3.744000077247619629e+02
3.654857218265533447e+02
3.892571508884429932e+02
3.625142931938171387e+02
3.506285786628723145e+02
3.803428649902343750e+02
3.328000068664550781e+02
3.625142931938171387e+02
3.684571504592895508e+02
3.298285782337188721e+02
3.625142931938171387e+02
3.506285786628723145e+02
3.298285782337188721e+02
3.773714363574981689e+02
3.030857205390930176e+02
3.862857222557067871e+02
3.001142919063568115e+02
3.179428637027740479e+02
4.397714376449584961e+02
3.506285786628723145e+02
2.763428628444671631e+02
2.852571487426757812e+02
3.417142927646636963e+02
3.833142936229705811e+02
4.011428654193878174e+02
3.862857222557067871e+02
3.892571508884429932e+02
3.417142927646636963e+02
3.654857218265533447e+02
3.238857209682464600e+02
3.565714359283447266e+02
3.268571496009826660e+02
3.684571504592895508e+02
3.209142923355102539e+02
3.803428649902343750e+02
3.030857205390930176e+02
3.536000072956085205e+02
4.041142940521240234e+02
3.328000068664550781e+02
3.120000064373016357e+02
4.338285803794860840e+02
3.714285790920257568e+02
3.298285782337188721e+02
4.249142944812774658e+02
3.684571504592895508e+02
3.952000081539154053e+02
3.981714367866516113e+02
3.654857218265533447e+02
4.338285803794860840e+02
3.654857218265533447e+02
3.595428645610809326e+02
3.922285795211791992e+02
3.387428641319274902e+02
3.298285782337188721e+02
3.179428637027740479e+02
3.209142923355102539e+02
3.120000064373016357e+02
3.090285778045654297e+02
3.595428645610809326e+02
3.120000064373016357e+02
3.506285786628723145e+02
3.862857222557067871e+02
3.357714354991912842e+02
3.684571504592895508e+02
3.714285790920257568e+02
3.714285790920257568e+02
3.833142936229705811e+02
3.625142931938171387e+02
4.011428654193878174e+02
3.952000081539154053e+02
3.565714359283447266e+02
4.041142940521240234e+02
3.684571504592895508e+02
3.387428641319274902e+02
3.536000072956085205e+02
3.476571500301361084e+02
3.209142923355102539e+02
3.476571500301361084e+02
3.001142919063568115e+02
3.506285786628723145e+02
2.852571487426757812e+02
3.536000072956085205e+02
3.090285778045654297e+02
3.536000072956085205e+02
3.268571496009826660e+02
3.090285778045654297e+02
3.179428637027740479e+02
3.506285786628723145e+02
3.684571504592895508e+02
3.684571504592895508e+02
3.803428649902343750e+02
4.011428654193878174e+02
3.773714363574981689e+02
3.328000068664550781e+02
3.238857209682464600e+02
3.417142927646636963e+02
3.922285795211791992e+02
3.565714359283447266e+02
3.090285778045654297e+02
4.130285799503326416e+02
3.744000077247619629e+02
3.268571496009826660e+02
4.249142944812774658e+02
3.892571508884429932e+02
4.219428658485412598e+02
3.952000081539154053e+02
3.714285790920257568e+02
4.665142953395843506e+02
3.417142927646636963e+02
3.387428641319274902e+02
4.100571513175964355e+02
3.149714350700378418e+02
3.238857209682464600e+02
3.268571496009826660e+02
3.090285778045654297e+02
3.120000064373016357e+02
3.268571496009826660e+02
3.506285786628723145e+02
2.852571487426757812e+02
3.476571500301361084e+02
3.536000072956085205e+02
2.882285773754119873e+02
3.476571500301361084e+02
3.328000068664550781e+02
3.268571496009826660e+02
3.744000077247619629e+02
3.417142927646636963e+02
3.744000077247619629e+02
4.130285799503326416e+02
3.684571504592895508e+02
4.041142940521240234e+02
3.952000081539154053e+02
3.446857213973999023e+02
3.654857218265533447e+02
3.060571491718292236e+02
3.536000072956085205e+02
2.882285773754119873e+02
3.417142927646636963e+02
2.971428632736206055e+02
3.328000068664550781e+02
3.387428641319274902e+02
3.446857213973999023e+02
3.565714359283447266e+02
3.357714354991912842e+02
3.506285786628723145e+02
4.278857231140136719e+02
4.278857231140136719e+02
3.536000072956085205e+02
3.506285786628723145e+02
3.952000081539154053e+02
3.981714367866516113e+02
3.298285782337188721e+02
3.803428649902343750e+02
4.011428654193878174e+02
3.238857209682464600e+02
4.249142944812774658e+02
4.219428658485412598e+02
4.219428658485412598e+02
4.011428654193878174e+02
3.833142936229705811e+02
4.754285812377929688e+02
3.417142927646636963e+02
3.179428637027740479e+02
4.278857231140136719e+02
3.268571496009826660e+02
3.090285778045654297e+02
3.654857218265533447e+02
3.179428637027740479e+02
3.060571491718292236e+02
3.654857218265533447e+02
3.476571500301361084e+02
2.644571483135223389e+02
3.565714359283447266e+02
3.536000072956085205e+02
2.674285769462585449e+02
3.357714354991912842e+02
3.149714350700378418e+02
3.060571491718292236e+02
3.714285790920257568e+02
3.090285778045654297e+02
3.387428641319274902e+02
4.249142944812774658e+02
3.714285790920257568e+02
4.011428654193878174e+02
3.714285790920257568e+02
3.684571504592895508e+02
3.090285778045654297e+02
3.654857218265533447e+02
2.852571487426757812e+02
3.536000072956085205e+02
3.120000064373016357e+02
3.417142927646636963e+02
3.387428641319274902e+02
3.654857218265533447e+02
3.357714354991912842e+02
3.149714350700378418e+02
4.041142940521240234e+02
4.338285803794860840e+02
3.833142936229705811e+02
3.952000081539154053e+02
4.486857235431671143e+02
4.427428662776947021e+02
3.565714359283447266e+02
4.397714376449584961e+02
3.298285782337188721e+02
4.368000090122222900e+02
4.546285808086395264e+02
4.011428654193878174e+02
3.952000081539154053e+02
3.981714367866516113e+02
4.397714376449584961e+02
3.387428641319274902e+02
3.268571496009826660e+02
4.219428658485412598e+02
3.476571500301361084e+02
3.238857209682464600e+02
4.041142940521240234e+02
3.476571500301361084e+02
3.209142923355102539e+02
4.070857226848602295e+02
3.654857218265533447e+02
2.971428632736206055e+02
3.684571504592895508e+02
3.833142936229705811e+02
3.120000064373016357e+02
3.357714354991912842e+02
3.417142927646636963e+02
3.446857213973999023e+02
3.862857222557067871e+02
3.149714350700378418e+02
4.338285803794860840e+02
3.981714367866516113e+02
3.922285795211791992e+02
4.160000085830688477e+02
3.565714359283447266e+02
3.179428637027740479e+02
3.773714363574981689e+02
2.733714342117309570e+02
3.030857205390930176e+02
3.506285786628723145e+02
2.941714346408843994e+02
3.536000072956085205e+02
4.130285799503326416e+02
4.130285799503326416e+02
4.368000090122222900e+02
4.784000098705291748e+02
4.665142953395843506e+02
4.605714380741119385e+02
4.457142949104309082e+02
4.605714380741119385e+02
3.773714363574981689e+02
3.922285795211791992e+02
4.011428654193878174e+02
4.041142940521240234e+02
3.357714354991912842e+02
3.625142931938171387e+02
4.041142940521240234e+02
3.595428645610809326e+02
3.773714363574981689e+02
4.249142944812774658e+02
3.803428649902343750e+02
3.625142931938171387e+02
4.397714376449584961e+02
4.041142940521240234e+02
3.476571500301361084e+02
3.922285795211791992e+02
4.457142949104309082e+02
3.536000072956085205e+02
4.100571513175964355e+02
4.011428654193878174e+02
3.714285790920257568e+02
4.308571517467498779e+02
4.516571521759033203e+02
3.803428649902343750e+02
4.576000094413757324e+02
3.506285786628723145e+02
3.238857209682464600e+02
2.704000055789947510e+02
4.338285803794860840e+02
4.665142953395843506e+02
4.754285812377929688e+02
4.546285808086395264e+02
4.516571521759033203e+02
4.397714376449584961e+02
4.070857226848602295e+02
3.981714367866516113e+02
3.833142936229705811e+02
3.446857213973999023e+02
4.041142940521240234e+02
3.862857222557067871e+02
3.595428645610809326e+02
4.249142944812774658e+02
3.952000081539154053e+02
4.546285808086395264e+02
4.397714376449584961e+02
4.249142944812774658e+02
4.902857244014739990e+02
3.833142936229705811e+02
4.754285812377929688e+02
4.011428654193878174e+02
4.635428667068481445e+02
4.189714372158050537e+02
5.289142966270446777e+02
3.833142936229705811e+02
5.021714389324188232e+02
3.446857213973999023e+02
3.565714359283447266e+02
3.506285786628723145e+02
3.981714367866516113e+02
3.833142936229705811e+02
4.457142949104309082e+02
4.486857235431671143e+02
4.546285808086395264e+02
4.932571530342102051e+02
4.189714372158050537e+02
4.902857244014739990e+02
3.892571508884429932e+02
5.259428679943084717e+02
5.972571551799774170e+02
5.348571538925170898e+02
3.565714359283447266e+02
4.249142944812774658e+02
4.635428667068481445e+02
4.605714380741119385e+02
5.170285820960998535e+02
