# 
# Col.0: Training Loss
# Col.1: Validation Loss 
# 
1.273156087100505829e+02 2.087856888771057129e+00
3.642823192104697227e+01 1.266901966184377670e+00
2.456494206190109253e+01 7.808617483824491501e-01
1.870762629806995392e+01 6.712766457349061966e-01
1.719547095894813538e+01 7.903601005673408508e-01
1.533227241598069668e+01 7.611848991364240646e-01
1.352895550802350044e+01 5.769689902663230896e-01
1.506750695966184139e+01 5.277804415673017502e-01
1.193490326218307018e+01 6.166743924841284752e-01
1.132418886665254831e+01 6.219897801056504250e-01
1.093427243363112211e+01 5.641851127147674561e-01
1.106012424640357494e+01 6.461678501218557358e-01
1.013580246921628714e+01 5.487986179068684578e-01
1.082551814056932926e+01 6.184603599831461906e-01
9.604890841990709305e+00 6.403240896761417389e-01
9.525991395115852356e+00 5.729952575638890266e-01
9.487230835482478142e+00 6.577851707115769386e-01
9.450984348542988300e+00 5.868433201685547829e-01
9.087732660584151745e+00 7.060983628034591675e-01
9.166891170665621758e+00 5.652654645964503288e-01
9.133170746266841888e+00 5.831177951768040657e-01
8.588533909991383553e+00 5.881631644442677498e-01
8.018978737294673920e+00 5.896611148491501808e-01
8.061791669577360153e+00 5.844207732006907463e-01
8.495578086934983730e+00 5.619246149435639381e-01
8.171418744139373302e+00 6.643884228542447090e-01
8.248573936522006989e+00 5.989606501534581184e-01
7.593874922953546047e+00 6.022586850449442863e-01
7.890858063939958811e+00 5.485403444617986679e-01
7.740393254905939102e+00 5.855773510411381721e-01
7.893110485747456551e+00 5.936750061810016632e-01
9.426824128255248070e+00 5.328637259081006050e-01
7.634449649602174759e+00 5.205347919836640358e-01
7.441133269108831882e+00 5.299250055104494095e-01
7.485367358196526766e+00 5.874466355890035629e-01
7.568704782985150814e+00 8.378200260922312737e-01
7.307741178199648857e+00 6.043309615924954414e-01
7.180719603784382343e+00 5.900793327018618584e-01
7.135126918554306030e+00 5.721250921487808228e-01
7.168827979825437069e+00 6.452692179009318352e-01
7.081181072164326906e+00 5.830301083624362946e-01
7.147746935021132231e+00 6.020043026655912399e-01
6.767360781785100698e+00 6.706912154331803322e-01
6.927162847481667995e+00 5.960302529856562614e-01
7.210735287517309189e+00 6.503172442317008972e-01
6.895480894483625889e+00 6.698742099106311798e-01
7.136931236833333969e+00 6.041665747761726379e-01
6.825872014742344618e+00 5.914446376264095306e-01
6.780069044791162014e+00 6.076015001162886620e-01
6.469700769055634737e+00 5.792352696880698204e-01
6.873032398521900177e+00 6.074048858135938644e-01
6.375534486956894398e+00 6.455664597451686859e-01
6.859683796297758818e+00 5.978040471673011780e-01
6.393600857816636562e+00 6.500471318140625954e-01
6.438230768311768770e+00 6.427363054826855659e-01
6.320284761022776365e+00 6.327405516058206558e-01
6.351460861042141914e+00 5.991927552968263626e-01
6.257329535204917192e+00 6.014152308925986290e-01
6.173303551971912384e+00 6.645639194175601006e-01
6.428852819837629795e+00 6.378786414861679077e-01
6.487500430084764957e+00 6.174108898267149925e-01
7.321345718111842871e+00 5.250465804710984230e-01
6.122505382169038057e+00 5.924033289775252342e-01
6.084822298027575016e+00 7.435153117403388023e-01
6.137595694512128830e+00 6.227605687454342842e-01
6.002447485923767090e+00 6.100284820422530174e-01
6.072647192049771547e+00 6.485470198094844818e-01
6.147291589528322220e+00 7.377107599750161171e-01
6.135290629230439663e+00 6.632930822670459747e-01
6.033620993141084909e+00 6.416310993954539299e-01
5.956200359854847193e+00 6.156284641474485397e-01
6.603018693625926971e+00 5.828567072749137878e-01
5.912745608016848564e+00 6.413657343946397305e-01
5.812104292679578066e+00 6.918036742135882378e-01
5.975554754026234150e+00 6.250283960253000259e-01
5.733294059988111258e+00 7.354785967618227005e-01
6.064766065683215857e+00 6.914781760424375534e-01
5.809461749158799648e+00 6.328233797103166580e-01
5.766648430377244949e+00 6.820786083117127419e-01
5.876508205663412809e+00 6.731546334922313690e-01
5.819594731088727713e+00 6.344559919089078903e-01
5.867021752987056971e+00 6.758743515238165855e-01
5.793127318378537893e+00 7.121372269466519356e-01
5.611406762618571520e+00 6.722220769152045250e-01
5.922200458589941263e+00 7.736840546131134033e-01
6.070627741981297731e+00 6.435983395203948021e-01
5.652116196695715189e+00 6.146826297044754028e-01
5.526537622790783644e+00 8.031828515231609344e-01
5.659863851964473724e+00 7.514867121353745461e-01
5.812389587052166462e+00 6.604731678962707520e-01
6.060730333440005779e+00 6.939271921291947365e-01
5.504352476447820663e+00 6.121140662580728531e-01
5.649140398018062115e+00 6.549172904342412949e-01
5.401926591526716948e+00 6.306927939876914024e-01
5.430161800235509872e+00 6.685673799365758896e-01
5.403792616911232471e+00 6.843156982213258743e-01
5.442975474987179041e+00 6.567140854895114899e-01
5.457408455666154623e+00 6.914158547297120094e-01
5.243877239525318146e+00 6.970765376463532448e-01
5.665492345578968525e+00 7.357380157336592674e-01
