# 
# Col.0: Training Loss
# Col.1: Validation Loss 
# 
1.168071690425276756e+02 1.593125566840171814e+00
3.724574670940637589e+01 9.318697601556777954e-01
2.456195754930377007e+01 7.180265570059418678e-01
2.028237715363502502e+01 6.869393205270171165e-01
1.706510491669178009e+01 6.494504557922482491e-01
1.582126439921557903e+01 5.766143286600708961e-01
1.439219012483954430e+01 6.629466339945793152e-01
1.272875686176121235e+01 5.706676621921360493e-01
1.192049141786992550e+01 6.419289167970418930e-01
1.190559562854468822e+01 7.108174534514546394e-01
1.097075747884809971e+01 5.680864751338958740e-01
1.086344622168689966e+01 5.449197688139975071e-01
1.027678017597645521e+01 5.514980624429881573e-01
1.012323384080082178e+01 6.223924742080271244e-01
9.902071475051343441e+00 6.858353586867451668e-01
1.028542015701532364e+01 5.759635563008487225e-01
9.101565854623913765e+00 5.875955130904912949e-01
8.898093062452971935e+00 5.849275356158614159e-01
9.154140987433493137e+00 6.138130407780408859e-01
8.988655148074030876e+00 5.829136506654322147e-01
8.722157159820199013e+00 6.005585305392742157e-01
8.365896244067698717e+00 5.526786353439092636e-01
8.218759645707905293e+00 5.950181777589023113e-01
8.306436565704643726e+00 5.788213806226849556e-01
8.019348272122442722e+00 6.100913160480558872e-01
7.750231805257499218e+00 6.975413244217634201e-01
8.088555273599922657e+00 6.113010188564658165e-01
8.194519655779004097e+00 6.314977798610925674e-01
7.678003802895545959e+00 5.822914391756057739e-01
8.502246757037937641e+00 5.771778970956802368e-01
7.530552254058420658e+00 5.841837660409510136e-01
7.311063140630722046e+00 5.996121526695787907e-01
7.176780136302113533e+00 5.880328104831278324e-01
7.248059376142919064e+00 5.813939948566257954e-01
7.460369419306516647e+00 6.314146150834858418e-01
7.310316591523587704e+00 6.379370163194835186e-01
8.127827765420079231e+00 5.647566025145351887e-01
6.890240802429616451e+00 5.827605477534234524e-01
7.842889221385121346e+00 6.129494621418416500e-01
6.892793146893382072e+00 5.413665352389216423e-01
6.780553606338799000e+00 5.881620137952268124e-01
6.705758278258144855e+00 6.072440491989254951e-01
6.601102933287620544e+00 6.052638124674558640e-01
6.727695621550083160e+00 6.596213271841406822e-01
6.866518114693462849e+00 6.539147831499576569e-01
6.443193422630429268e+00 6.702285669744014740e-01
6.946614977903664112e+00 6.379227526485919952e-01
6.219753780867904425e+00 6.567537565715610981e-01
6.581924309954047203e+00 6.643913001753389835e-01
6.611806647852063179e+00 5.783366463147103786e-01
6.104601146187633276e+00 6.075334642082452774e-01
6.487612330820411444e+00 6.732993200421333313e-01
6.249135957565158606e+00 6.464743078686296940e-01
6.331227302085608244e+00 6.530595053918659687e-01
6.346749269403517246e+00 6.379212429746985435e-01
6.456197622232139111e+00 6.344211916439235210e-01
6.173745728097856045e+00 6.512713846750557423e-01
6.265234434511512518e+00 6.325264265760779381e-01
6.336409783922135830e+00 6.188464304432272911e-01
6.286032496020197868e+00 6.493950383737683296e-01
6.093836715910583735e+00 6.423500613309442997e-01
5.775332739111036062e+00 6.979412529617547989e-01
6.103644189890474081e+00 6.213602931238710880e-01
5.800275784917175770e+00 7.004999378696084023e-01
5.903188810683786869e+00 6.323148654773831367e-01
6.104066643863916397e+00 6.955978679470717907e-01
6.090706920251250267e+00 6.655369009822607040e-01
5.791184275876730680e+00 6.323679010383784771e-01
5.690350030548870564e+00 6.445057238452136517e-01
6.258583726827055216e+00 7.493435787037014961e-01
5.802679556887596846e+00 6.583703011274337769e-01
6.486880219075828791e+00 6.856833081692457199e-01
5.665113419760018587e+00 6.799746141768991947e-01
5.609757266007363796e+00 7.037297389470040798e-01
5.605055013671517372e+00 6.374718206934630871e-01
5.539098070468753576e+00 6.675121379084885120e-01
5.498232736717909575e+00 6.888710693456232548e-01
5.670264951419085264e+00 9.360687807202339172e-01
5.726356045808643103e+00 7.104555582627654076e-01
6.204068000428378582e+00 6.035028914920985699e-01
5.573881308082491159e+00 6.548477103933691978e-01
5.459722608793526888e+00 6.599523024633526802e-01
5.467193340882658958e+00 6.890449682250618935e-01
5.572308062110096216e+00 6.929931938648223877e-01
5.679291540291160345e+00 6.898722602054476738e-01
5.561198924668133259e+00 7.180498982779681683e-01
5.435294482856988907e+00 6.839366829954087734e-01
5.544801867567002773e+00 7.086442355066537857e-01
5.707021995447576046e+00 6.756386989727616310e-01
5.297929992899298668e+00 7.598419319838285446e-01
5.413063432555645704e+00 6.597433546558022499e-01
5.276556383818387985e+00 7.508729477412998676e-01
5.472905041184276342e+00 7.169005009345710278e-01
5.269683082122355700e+00 6.879229554906487465e-01
5.418118658475577831e+00 6.993127968162298203e-01
5.469997013453394175e+00 6.673228833824396133e-01
5.382067214697599411e+00 6.930713676847517490e-01
5.560109996236860752e+00 6.930001867003738880e-01
5.274022792465984821e+00 7.224042173475027084e-01
5.250808340962976217e+00 6.849605343304574490e-01
