# 
# Col.0: Training Loss
# Col.1: Validation Loss 
# 
1.063059350773692131e+02 2.248505331575870514e+00
3.436611194536089897e+01 1.253775130957365036e+00
2.415228966251015663e+01 1.387497600167989731e+00
1.867276587896049023e+01 1.657573353499174118e+00
1.569449697434902191e+01 1.134234830737113953e+00
1.388518352620303631e+01 1.005324626341462135e+00
1.299964144080877304e+01 1.281058415770530701e+00
1.295842890255153179e+01 1.147560860961675644e+00
1.101252795942127705e+01 1.177869077771902084e+00
1.131068950332701206e+01 1.123101370409131050e+00
1.074673270527273417e+01 9.554341714829206467e-01
9.669051384553313255e+00 1.052434600889682770e+00
1.010626432579010725e+01 8.699828088283538818e-01
1.235471994057297707e+01 1.499743446707725525e+00
9.867589055560529232e+00 1.113413883373141289e+00
8.903373057022690773e+00 9.773646313697099686e-01
8.926264684647321701e+00 1.484254254028201103e+00
8.753144067712128162e+00 9.702630154788494110e-01
8.989689861424267292e+00 1.402042964473366737e+00
8.252988876774907112e+00 1.118975533172488213e+00
9.627666201442480087e+00 9.917163718491792679e-01
8.060500442050397396e+00 1.172191416844725609e+00
7.963992970995604992e+00 1.055464649572968483e+00
8.010755933355540037e+00 9.324753545224666595e-01
7.862776814959943295e+00 1.079870779067277908e+00
7.736363639123737812e+00 1.143139887601137161e+00
7.836719344835728407e+00 1.061864109709858894e+00
7.627711829729378223e+00 1.247809875756502151e+00
7.459689372684806585e+00 1.167500419542193413e+00
7.528902968391776085e+00 9.897537101060152054e-01
7.776431896258145571e+00 1.350713269785046577e+00
7.442348342854529619e+00 1.241328710690140724e+00
7.341435086913406849e+00 1.389444720000028610e+00
7.135204166173934937e+00 1.361074429005384445e+00
7.131693470291793346e+00 1.176419395953416824e+00
7.523592333309352398e+00 1.412112843245267868e+00
7.069076392799615860e+00 1.192364571616053581e+00
7.109296252019703388e+00 1.351661344990134239e+00
6.682279829401522875e+00 1.330790774896740913e+00
6.939753608778119087e+00 1.126166222617030144e+00
6.729681123048067093e+00 1.366996277123689651e+00
6.434838756918907166e+00 1.167963471263647079e+00
7.207436878699809313e+00 1.275109924376010895e+00
6.600797897204756737e+00 1.052527049556374550e+00
6.626819509081542492e+00 1.108463291078805923e+00
6.682722187135368586e+00 1.196534467861056328e+00
6.319139418192207813e+00 1.725574748590588570e+00
6.571004272904247046e+00 1.559969795867800713e+00
6.408468290232121944e+00 9.847531523555517197e-01
6.376808877103030682e+00 1.288926186040043831e+00
7.209431675728410482e+00 1.103611052036285400e+00
6.135162712074816227e+00 1.207577837631106377e+00
6.169321085792034864e+00 1.543957253918051720e+00
5.999379529617726803e+00 1.541216799989342690e+00
6.142246669158339500e+00 1.451293133199214935e+00
6.239556810352951288e+00 1.289114823564887047e+00
6.141170315910130739e+00 1.663296597078442574e+00
5.924676834372803569e+00 1.414251640439033508e+00
6.149067367427051067e+00 1.441801756620407104e+00
6.399959190282970667e+00 1.436054734513163567e+00
5.991650822572410107e+00 1.586687216535210609e+00
5.891460697166621685e+00 1.648563779890537262e+00
5.986385216005146503e+00 1.812533756718039513e+00
6.070431459229439497e+00 1.241622298955917358e+00
5.596132994629442692e+00 1.000775368884205818e+00
5.880478244274854660e+00 1.691271960735321045e+00
5.852371701505035162e+00 1.074805868789553642e+00
5.936906124930828810e+00 1.036155181005597115e+00
6.069253799971193075e+00 1.472709977999329567e+00
6.021937049459666014e+00 1.420148944482207298e+00
5.780501163564622402e+00 1.239781504496932030e+00
5.776087577454745770e+00 1.402043201029300690e+00
5.514090022537857294e+00 1.300752094015479088e+00
5.685589991975575686e+00 1.638984190300107002e+00
5.601026822812855244e+00 1.782881520688533783e+00
5.834767695516347885e+00 1.446660174056887627e+00
5.713656316976994276e+00 1.459312062710523605e+00
5.709509497508406639e+00 1.489272205159068108e+00
5.501269045285880566e+00 1.722383495420217514e+00
5.323049704544246197e+00 1.580036042258143425e+00
5.510230530053377151e+00 1.770093176513910294e+00
5.876793583855032921e+00 1.656462786719202995e+00
5.384960441384464502e+00 1.322635089978575706e+00
5.368143118452280760e+00 1.802099522203207016e+00
5.496419163420796394e+00 1.509967437013983727e+00
5.422136856243014336e+00 1.384856153279542923e+00
5.434990981128066778e+00 1.742760088294744492e+00
5.527483619283884764e+00 1.645921509712934494e+00
5.357533780392259359e+00 1.493369109928607941e+00
5.599158018827438354e+00 1.733505729585886002e+00
5.392792058642953634e+00 1.513972472399473190e+00
5.404369305353611708e+00 1.312774889171123505e+00
5.463117318693548441e+00 1.690549841150641441e+00
5.267582335975021124e+00 1.365640835836529732e+00
5.406158230267465115e+00 1.460751911625266075e+00
5.136617186479270458e+00 1.359391197562217712e+00
5.225962313357740641e+00 1.541243867948651314e+00
5.375589494593441486e+00 1.665576815605163574e+00
5.155387197155505419e+00 1.287737367674708366e+00
5.435192384291440248e+00 1.577661102637648582e+00
