# 
# Col.0: Training Loss
# Col.1: Validation Loss 
# 
9.861452176421880722e+01 1.506461925804615021e+00
3.247575481235980988e+01 8.299630954861640930e-01
2.290385191142559052e+01 8.492198400199413300e-01
1.915843155421316624e+01 6.417603585869073868e-01
1.608796104975044727e+01 6.515687424689531326e-01
1.378703536465764046e+01 6.434436375275254250e-01
1.320229746587574482e+01 5.645641582086682320e-01
1.279519030451774597e+01 5.266985753551125526e-01
1.183369166497141123e+01 5.656822323799133301e-01
1.117760633397847414e+01 6.988840997219085693e-01
1.087074716575443745e+01 5.728811342269182205e-01
1.063015791215002537e+01 5.217012837529182434e-01
9.831479243934154510e+00 5.493475291877985001e-01
9.662595446221530437e+00 5.818303637206554413e-01
9.552309450693428516e+00 5.677697276696562767e-01
8.782700422685593367e+00 5.625183130614459515e-01
9.370226478204131126e+00 5.439653694629669189e-01
9.363593611866235733e+00 6.070091789588332176e-01
9.210799811407923698e+00 5.838302159681916237e-01
8.570366105996072292e+00 5.794786941260099411e-01
8.541657851077616215e+00 5.672370931133627892e-01
8.265353746712207794e+00 3.182805573567748070e+00
9.693737408146262169e+00 5.577329136431217194e-01
7.928889288567006588e+00 5.875811516307294369e-01
8.024756170809268951e+00 5.618881569243967533e-01
7.698473294265568256e+00 5.638295537792146206e-01
8.084424187894910574e+00 5.583031252026557922e-01
7.792516505345702171e+00 5.663440581411123276e-01
8.043624550104141235e+00 5.801857048645615578e-01
7.784738915972411633e+00 6.655593714676797390e-01
7.496003558859229088e+00 6.313212881796061993e-01
7.397077627480030060e+00 5.778908459469676018e-01
7.699917067307978868e+00 6.252027396112680435e-01
7.317201879806816578e+00 5.537584209814667702e-01
7.477817065082490444e+00 5.584296025335788727e-01
7.081381176132708788e+00 5.866349665448069572e-01
6.890740837436169386e+00 9.053382696583867073e-01
7.492859972640872002e+00 6.102614691480994225e-01
7.228908773511648178e+00 6.053925035521388054e-01
6.658047353848814964e+00 5.526200104504823685e-01
6.893180412240326405e+00 6.167515274137258530e-01
6.956425533629953861e+00 5.748834460973739624e-01
6.824021021835505962e+00 5.887712528929114342e-01
6.705061744898557663e+00 6.267890324816107750e-01
6.537826312705874443e+00 6.642869180068373680e-01
6.788619655184447765e+00 5.642102938145399094e-01
6.644724645651876926e+00 5.869738701730966568e-01
6.496137387584894896e+00 6.604907074943184853e-01
6.681698243599385023e+00 6.223982861265540123e-01
6.329350527841597795e+00 6.596474964171648026e-01
6.827633745037019253e+00 5.879463762976229191e-01
6.295715957880020142e+00 5.735794939100742340e-01
6.646431530360132456e+00 6.179056046530604362e-01
6.217990745790302753e+00 5.818023532629013062e-01
6.617305599153041840e+00 6.060342732816934586e-01
6.254865001887083054e+00 6.250160308554768562e-01
6.531929949298501015e+00 6.593067515641450882e-01
6.041148650459945202e+00 6.591267529875040054e-01
6.156264214776456356e+00 6.237253546714782715e-01
6.987311227247118950e+00 6.046553105115890503e-01
5.963363186456263065e+00 6.186767998151481152e-01
6.068521599285304546e+00 7.424661684781312943e-01
6.314529126975685358e+00 6.718554315157234669e-01
6.078851076774299145e+00 6.971859661862254143e-01
5.934338415041565895e+00 7.494897870346903801e-01
6.004851290956139565e+00 6.451402604579925537e-01
6.146080664359033108e+00 7.205824274569749832e-01
5.887721362989395857e+00 7.948881750926375389e-01
5.949676352087408304e+00 6.555353254079818726e-01
6.073913592845201492e+00 6.941133663058280945e-01
5.929204818792641163e+00 6.206249874085187912e-01
5.886145112570375204e+00 6.524331644177436829e-01
5.759888152126222849e+00 6.869146768003702164e-01
5.952872028574347496e+00 7.053799498826265335e-01
5.988699000328779221e+00 6.577126085758209229e-01
5.629918671213090420e+00 7.402419652789831161e-01
5.844520139973610640e+00 6.927380673587322235e-01
5.973996787331998348e+00 6.385839087888598442e-01
5.588206091895699501e+00 6.896599428728222847e-01
5.999355762265622616e+00 6.796531463041901588e-01
5.502067490480840206e+00 6.259913053363561630e-01
5.553375554736703634e+00 7.360882349312305450e-01
5.563627056311815977e+00 6.701664356514811516e-01
5.746458461508154869e+00 6.680723791942000389e-01
5.938754583243280649e+00 6.232598181813955307e-01
5.584572668652981520e+00 6.985627720132470131e-01
5.470092133618891239e+00 7.454470889642834663e-01
5.566871241200715303e+00 6.845021583139896393e-01
5.497489752247929573e+00 7.610521214082837105e-01
5.639760393649339676e+00 7.731416067108511925e-01
5.719624436926096678e+00 6.584071414545178413e-01
5.566259185317903757e+00 7.399105839431285858e-01
5.555354444310069084e+00 6.826697858050465584e-01
5.524040131829679012e+00 6.592890368774533272e-01
5.430173933040350676e+00 6.943017146550118923e-01
5.617145871743559837e+00 7.174512054771184921e-01
5.265112081542611122e+00 7.142090485431253910e-01
5.279132761992514133e+00 6.828548330813646317e-01
5.632920657284557819e+00 6.886267373338341713e-01
5.462774096988141537e+00 6.802808344364166260e-01
