# 
# Col.0: Average 2D soft dice, training data
# Col.1: Average 2D soft dice, validation data
# 
7.998828404290335703e-01 8.689537873634924914e-01
9.275166581358228468e-01 9.346510767936706543e-01
9.466479865142277683e-01 9.284335374832153320e-01
9.544010635784694330e-01 9.458174797204824680e-01
9.623286592960357266e-01 9.397386220785287625e-01
9.672864007949829590e-01 9.471010015561029949e-01
9.694559233529227438e-01 9.548082489233750136e-01
9.705993635313850953e-01 9.589669245939987929e-01
9.726059813158852707e-01 9.541292053002577989e-01
9.739997512953622039e-01 9.386882323485153945e-01
9.745399900845118646e-01 9.530018522189214192e-01
9.751793565068925806e-01 9.598889488440293105e-01
9.773828572886330557e-01 9.609257578849792480e-01
9.775102693693978884e-01 9.560588919199429769e-01
9.782135651792798203e-01 9.542718667250412734e-01
9.795185627256121075e-01 9.582325770304753743e-01
9.784730470180511563e-01 9.609729005740239582e-01
9.786163893767765298e-01 9.516786566147437121e-01
9.787173942157200157e-01 9.569140580984262234e-01
9.802469408512115567e-01 9.572835656312795871e-01
9.807859213011604904e-01 9.577532960818364582e-01
9.807855962003980688e-01 8.269265706722552789e-01
9.770417150429316910e-01 9.597302721096918621e-01
9.818811864512306808e-01 9.571877030225900418e-01
9.811670540060315471e-01 9.620793828597435926e-01
9.820373977933610776e-01 9.630811168597295246e-01
9.817068309443337526e-01 9.621793306790865641e-01
9.818948589052473030e-01 9.593493755047137750e-01
9.816712355613708141e-01 9.574801738445575250e-01
9.819565124171121262e-01 9.525930789800790555e-01
9.827796534129551453e-01 9.600102442961472304e-01
9.829622159685407201e-01 9.604305120614858859e-01
9.826109291825975145e-01 9.542075028786292101e-01
9.829306956699915832e-01 9.629454154234665664e-01
9.826283911296299634e-01 9.620766227061932074e-01
9.835219987801142594e-01 9.592119776285611410e-01
9.838665018762861036e-01 9.440594819875863797e-01
9.823038954394204270e-01 9.600985325299776774e-01
9.835819569655827044e-01 9.589339815653287191e-01
9.845686095101492397e-01 9.611746989763699789e-01
9.835499555724007692e-01 9.589447333262517414e-01
9.838866235528673787e-01 9.593967153475835286e-01
9.841706965650830474e-01 9.588265602405254828e-01
9.850039369719368887e-01 9.612768475825970160e-01
9.847440847328731151e-01 9.552629544184758625e-01
9.843284276553562195e-01 9.634944613163287652e-01
9.847089278697968018e-01 9.602371087441077258e-01
9.850525777680533279e-01 9.561339066578791179e-01
9.847092832837786025e-01 9.606054654488196398e-01
9.853298435892378082e-01 9.612113833427429199e-01
9.841758649689810179e-01 9.607400343968317546e-01
9.858472662312643964e-01 9.621106707132779379e-01
9.843279014314924025e-01 9.615416251696072836e-01
9.857630836963653387e-01 9.571814857996426840e-01
9.848328030109405606e-01 9.625089902144211562e-01
9.854238387516566222e-01 9.610942556307866536e-01
9.851911440917423546e-01 9.574214265896723308e-01
9.856930897917066670e-01 9.600024085778456895e-01
9.859830168315342203e-01 9.574715220011197347e-01
9.837157532146998395e-01 9.593087205520043348e-01
9.857178306579590377e-01 9.588554226435147543e-01
9.858730065822601807e-01 9.563790789017310168e-01
9.851015785762241572e-01 9.584859242806067492e-01
9.858648906435285575e-01 9.576206023876483453e-01
9.864696608270917544e-01 9.551183581352233887e-01
9.864047731672014319e-01 9.588945691402142035e-01
9.861592597620827405e-01 9.577319805438702094e-01
9.863111691815512616e-01 9.571992204739496746e-01
9.862625992298126310e-01 9.556229893977825629e-01
9.858367155279431637e-01 9.570613732704749133e-01
9.862109655993325230e-01 9.592738518348107313e-01
9.864323226043155701e-01 9.602576448367192707e-01
9.867963366849081819e-01 9.596018882898184055e-01
9.861560852187020165e-01 9.546599525671738418e-01
9.861349533285413971e-01 9.593189771358783258e-01
9.869726526737213623e-01 9.582057182605450141e-01
9.865521785191126991e-01 9.580816351450406332e-01
9.864202913216182367e-01 9.596023513720586262e-01
9.872275861671993002e-01 9.581779929307790988e-01
9.860450848511287392e-01 9.584743288847116238e-01
9.870952212810516491e-01 9.599833305065448297e-01
9.868978069509778406e-01 9.568601388197678359e-01
9.873230133737836978e-01 9.599699423863337078e-01
9.869347660882132889e-01 9.575992868496820964e-01
9.860714689322880311e-01 9.581710375272310953e-01
9.869352820941380555e-01 9.576912293067345594e-01
9.875411786351885324e-01 9.565542386128351726e-01
9.871378220830644423e-01 9.571043940690847629e-01
9.874037415640695148e-01 9.556937171862676106e-01
9.868506605284554922e-01 9.577673902878394152e-01
9.867395051888057100e-01 9.620404014220604871e-01
9.873922661372593890e-01 9.550174520565912761e-01
9.872923929350716499e-01 9.567441527660076606e-01
9.871231857367924745e-01 9.590934010652395481e-01
9.875744783878326327e-01 9.581549488581143637e-01
9.871895115716117219e-01 9.583393931388854980e-01
9.877512172290257020e-01 9.557279119124779676e-01
9.878715813159942849e-01 9.592074109957768879e-01
9.872926277773720338e-01 9.582609305014977430e-01
9.875948873588017429e-01 9.576525688171386719e-01
