# 
# Col.0: Average 2D soft dice, training data
# Col.1: Average 2D soft dice, validation data
# 
7.546818698304039730e-01 9.059907289651724094e-01
9.040947559901646446e-01 9.389352798461914062e-01
9.380262781892504398e-01 9.545694910562955160e-01
9.476720009531293121e-01 9.548475879889267715e-01
9.574479566301618005e-01 9.589506892057565457e-01
9.594729345185416536e-01 9.635642675253061062e-01
9.629335587365286386e-01 9.600700231698843234e-01
9.662903269699641973e-01 9.646604061126708984e-01
9.708841875621250228e-01 9.619780641335707871e-01
9.700318336486816184e-01 9.593484126604520101e-01
9.710729970250810972e-01 9.658286158855144965e-01
9.726546013355255038e-01 9.657703362978421469e-01
9.743197609697069606e-01 9.681412806877722765e-01
9.746390116214752597e-01 9.640204585515536051e-01
9.742536510740007483e-01 9.614171110666714926e-01
9.726275125571659519e-01 9.667451977729797363e-01
9.769117116928101030e-01 9.658185977202194961e-01
9.769156960078647645e-01 9.660543891099783176e-01
9.766884129387991553e-01 9.656222921151381700e-01
9.772182232992989714e-01 9.666444980181180258e-01
9.786488636902400673e-01 9.664428738447335965e-01
9.785056361130305413e-01 9.672973660322335965e-01
9.797589453629085288e-01 9.671201981030977946e-01
9.789480371134621217e-01 9.668691570942218316e-01
9.790886856828416862e-01 9.664140710463891004e-01
9.799827178886958423e-01 9.671051731476416613e-01
9.793362162794385650e-01 9.675343953646146078e-01
9.796359005996159164e-01 9.670514831176171278e-01
9.807829381738389918e-01 9.682040993983929145e-01
9.781224523271833116e-01 9.663162368994492324e-01
9.811749376569475212e-01 9.670783327176020183e-01
9.812160132612500751e-01 9.682537821622995144e-01
9.818706774711608576e-01 9.673781853455764024e-01
9.817427674361637324e-01 9.691207408905029297e-01
9.812258539881024699e-01 9.663004233286931477e-01
9.812768486567905457e-01 9.663219497754023113e-01
9.795820874827249058e-01 9.680630518839909993e-01
9.821145917688097748e-01 9.674310363256014567e-01
9.807864269188472095e-01 9.658146959084731309e-01
9.819711024420602064e-01 9.686709321462191324e-01
9.825202572345733687e-01 9.684520272108224637e-01
9.830459797382354870e-01 9.677600631347069715e-01
9.828362367834363456e-01 9.670789516889132242e-01
9.831839733464377007e-01 9.670986808263338785e-01
9.826384391103472060e-01 9.655849062479459066e-01
9.838003173896244791e-01 9.676124407694890461e-01
9.827417172704424608e-01 9.679457040933462375e-01
9.839369813033512768e-01 9.672562250724205946e-01
9.837524315289088994e-01 9.629114040961632703e-01
9.833629087039402750e-01 9.691108694443335558e-01
9.839354200022560892e-01 9.677601502491877117e-01
9.833316726343972469e-01 9.667109480270972277e-01
9.841446629592350837e-01 9.678084208415105305e-01
9.839082516942705414e-01 9.669049611458411242e-01
9.842547610827854232e-01 9.667326807975769043e-01
9.834269065516335617e-01 9.685625158823453207e-01
9.847124298981257962e-01 9.681187317921564617e-01
9.844924591268812142e-01 9.688195402805621637e-01
9.843780747481755133e-01 9.682332093899066461e-01
9.843192820889609118e-01 9.654169311890234972e-01
9.843502870627811596e-01 9.677237960008474582e-01
9.851560861723763773e-01 9.661438786066495199e-01
9.842024433612823753e-01 9.682557812103858019e-01
9.854300364426203940e-01 9.660216157252972113e-01
9.853623764855521383e-01 9.687175796582148113e-01
9.848783705915723496e-01 9.639871533100421441e-01
9.847426480906350532e-01 9.672439465155968641e-01
9.850227006844112232e-01 9.675869437364431613e-01
9.857878979614802528e-01 9.669029758526728191e-01
9.837824831690107352e-01 9.638060010396517496e-01
9.848310334341866534e-01 9.678431703494145832e-01
9.839436788218361984e-01 9.667338499656090711e-01
9.859786885125296774e-01 9.664993652930626844e-01
9.859999489784240234e-01 9.662493146382845621e-01
9.853176808357239080e-01 9.674247274032006239e-01
9.856882478509630952e-01 9.664768163974468695e-01
9.863701173237391373e-01 9.675767192473778699e-01
9.857370221614837336e-01 9.564581146607031847e-01
9.857392229352678337e-01 9.662020710798410184e-01
9.844264440877097400e-01 9.682487937120290988e-01
9.863032753126962371e-01 9.679652635867779242e-01
9.860468823569161767e-01 9.681187913968012371e-01
9.859266790321895568e-01 9.671419033637413953e-01
9.859880406515938445e-01 9.643733363885146348e-01
9.857662378038678508e-01 9.680648491932795086e-01
9.856938392775399516e-01 9.664969994471623860e-01
9.864713828904287940e-01 9.682372074860793321e-01
9.862085546766008459e-01 9.673146834740271593e-01
9.862246719428471309e-01 9.663597620450533610e-01
9.861309029374804025e-01 9.672946929931640625e-01
9.867073030131203737e-01 9.676029957257784586e-01
9.864776022093636465e-01 9.666177492875319688e-01
9.862844898019518247e-01 9.668129132344172039e-01
9.860744501863206724e-01 9.667728772530188586e-01
9.862993500913892486e-01 9.660561955892122965e-01
9.864666855335235685e-01 9.681073839847857965e-01
9.861549908774239759e-01 9.653692520581759196e-01
9.864065372943877641e-01 9.672676095595726942e-01
9.868471942629133409e-01 9.649416575065026258e-01
9.865937738759177345e-01 9.663054805535536973e-01
