# 
# Col.0: Average 2D soft dice, training data
# Col.1: Average 2D soft dice, validation data
# 
7.786213632992335931e-01 8.815707472654489285e-01
9.140631360667091920e-01 9.145430372311518230e-01
9.362502309254238098e-01 9.187311255014859457e-01
9.526287884371621439e-01 8.903592228889465332e-01
9.587498741490499965e-01 9.352229879452631511e-01
9.636415624618530629e-01 9.409110729510967719e-01
9.668156092507498300e-01 9.218767560445345621e-01
9.657066363947731658e-01 9.341196830456073297e-01
9.713421571254730047e-01 9.351361531477707656e-01
9.700243602480207450e-01 9.342638941911550754e-01
9.728110982690538755e-01 9.417507189970749648e-01
9.748478133337837859e-01 9.413634905448327039e-01
9.742494325978415803e-01 9.474093455534714492e-01
9.668564687456403517e-01 9.291447080098665934e-01
9.749533501693180559e-01 9.434626744343683757e-01
9.769076550006866588e-01 9.493642311829787461e-01
9.765368689809527103e-01 9.277387857437133789e-01
9.771853331157139833e-01 9.487483501434326172e-01
9.764523768424987482e-01 9.292551645865807508e-01
9.788826870918273526e-01 9.466596245765686035e-01
9.748934180395943949e-01 9.476913213729858398e-01
9.782646036148071600e-01 9.383807732508733235e-01
9.791315017427717482e-01 9.459225214444674235e-01
9.792639681271144703e-01 9.489236015539902480e-01
9.797795064108711927e-01 9.475075510831979519e-01
9.798946234158106838e-01 9.471591894443218695e-01
9.799806346212114327e-01 9.448149571051964735e-01
9.809644939218248316e-01 9.410393742414621121e-01
9.807826282296862042e-01 9.450147564594562066e-01
9.810110569000244363e-01 9.537564561917231121e-01
9.799602753775460418e-01 9.382497851665203559e-01
9.808744752407073664e-01 9.419312431262090168e-01
9.810220711571829844e-01 9.312115449171799453e-01
9.816849400315965646e-01 9.369578361511230469e-01
9.822574406010764481e-01 9.455339587651766520e-01
9.808097793374742634e-01 9.378014711233285672e-01
9.825062979970659027e-01 9.440533472941472493e-01
9.820422891208103744e-01 9.371620187392601942e-01
9.826100417545863275e-01 9.395415782928466797e-01
9.825376737117766934e-01 9.422469322498028266e-01
9.826121762820652084e-01 9.426734493328974285e-01
9.832484340667724254e-01 9.496092016880328668e-01
9.813835423333304719e-01 9.467045022891118489e-01
9.828953414303915892e-01 9.482769003281226183e-01
9.830603705133710291e-01 9.453268096997187175e-01
9.824173676967621338e-01 9.452821474808913438e-01
9.837083235808781190e-01 9.282470666445218344e-01
9.828635088035038159e-01 9.329550357965322727e-01
9.837941214016505675e-01 9.537180432906517957e-01
9.838979879447392607e-01 9.406118576343243110e-01
9.818402433395385653e-01 9.465613823670607774e-01
9.837449649402073559e-01 9.476613402366638184e-01
9.840289524623325734e-01 9.350468241251431722e-01
9.846916111877986877e-01 9.370539692732003934e-01
9.842819346700395489e-01 9.404360972917996664e-01
9.843832455362592215e-01 9.398627831385686360e-01
9.841418022768838592e-01 9.335651168456444715e-01
9.851389202049800620e-01 9.419285013125493489e-01
9.839958068302699923e-01 9.392518584544842231e-01
9.839596377100263691e-01 9.374915544803326117e-01
9.846889601434980488e-01 9.327060305155240316e-01
9.849364088262830830e-01 9.254352404521062336e-01
9.847378115994589454e-01 9.298531229679400933e-01
9.843831396102905584e-01 9.423961868652930285e-01
9.854506029401506328e-01 9.524731681897089519e-01
9.847227416719709359e-01 9.294951833211458903e-01
9.849398505687713135e-01 9.528350875927851238e-01
9.850129158156258891e-01 9.524630124752337945e-01
9.846994653769901573e-01 9.394047168584970242e-01
9.850712978839873957e-01 9.397614277326143961e-01
9.850709906646183400e-01 9.496927903248713054e-01
9.853649357386997654e-01 9.429397995655353082e-01
9.854056370258331699e-01 9.474963224851168375e-01
9.856092894077300715e-01 9.359313478836646105e-01
9.854888427257537664e-01 9.118241621897771321e-01
9.856216933046068052e-01 9.402499244763300457e-01
9.854073364394051460e-01 9.421416291823754285e-01
9.855661708968026513e-01 9.394561785918015273e-01
9.857078186103276352e-01 9.279085260171157090e-01
9.861309901305607140e-01 9.405328310452975016e-01
9.860297920022691454e-01 9.374027756544259793e-01
9.847435312611716451e-01 9.335834750762352918e-01
9.860543898173741439e-01 9.468112496229318387e-01
9.861830408232552525e-01 9.314327515088595133e-01
9.854407206603459368e-01 9.412145568774297200e-01
9.864546518666403863e-01 9.434415102005004883e-01
9.863872039318084539e-01 9.308692767069890461e-01
9.856104472705295994e-01 9.360254727877103109e-01
9.860038328170775968e-01 9.416359846408550727e-01
9.857368150779178828e-01 9.356609216103186633e-01
9.861955830029078829e-01 9.379126750505887289e-01
9.862893079008374642e-01 9.464377715037419758e-01
9.860115087032318426e-01 9.288957715034484863e-01
9.864977746350425125e-01 9.468283744958730930e-01
9.861851533821650584e-01 9.390327517802898871e-01
9.866854338986532635e-01 9.434762642933771648e-01
9.865036480767386262e-01 9.372567305198082899e-01
9.859119401659284243e-01 9.344447576082669515e-01
9.869139926774160854e-01 9.452508367024935465e-01
9.862156207220894588e-01 9.350656591928921957e-01
