# 
# Col.0: Average 2D soft dice, training data
# Col.1: Average 2D soft dice, validation data
# 
7.506632350172315338e-01 8.759692219587472684e-01
9.135556629725865019e-01 9.246517190566430067e-01
9.383640391486031129e-01 9.488714841695932156e-01
9.526686554295675791e-01 9.508620133766760851e-01
9.568816312721797335e-01 9.534857777448800809e-01
9.619588577747344438e-01 9.452785528623141031e-01
9.673105004855564459e-01 9.594670946781451715e-01
9.621103564330509839e-01 9.615622529616723035e-01
9.701685239587510834e-01 9.582663499391995687e-01
9.722255216326032290e-01 9.589638022276071316e-01
9.721496823855808600e-01 9.650161678974444879e-01
9.730490492071424136e-01 9.601168678357050457e-01
9.746214827469417141e-01 9.628214744421151883e-01
9.727152325425829638e-01 9.535098947011507731e-01
9.762493554183414579e-01 9.599668521147507461e-01
9.766281322070530235e-01 9.614516542508051433e-01
9.761809098720550804e-01 9.550244578948388074e-01
9.767490073612757895e-01 9.638836567218487250e-01
9.772741843972887477e-01 9.561091478054339898e-01
9.764670152323586816e-01 9.664835792321425645e-01
9.769203812735420822e-01 9.647417068481445312e-01
9.785384748663220611e-01 9.598037738066452773e-01
9.799391048295157391e-01 9.596202327654912434e-01
9.798976680210658152e-01 9.649385488950289469e-01
9.788664657729012619e-01 9.646148865039532172e-01
9.796582823140280727e-01 9.593056256954486383e-01
9.793137959071568366e-01 9.611348647337693007e-01
9.806650962148394379e-01 9.642591705689063097e-01
9.801747630323682792e-01 9.677733870653005832e-01
9.815733804021562481e-01 9.689999818801879883e-01
9.809518291269030410e-01 9.655689918077908773e-01
9.773361211163656970e-01 9.680940004495474094e-01
9.815058316503252334e-01 9.703408021193283828e-01
9.818822823251996956e-01 9.687906136879553820e-01
9.818799291338239366e-01 9.644758747174189129e-01
9.810267543792724476e-01 9.582342092807476508e-01
9.819085444722857048e-01 9.685963071309603434e-01
9.815186091831752391e-01 9.649062156677246094e-01
9.824078568390437471e-01 9.689851311536935574e-01
9.822552827426365152e-01 9.616423707741957871e-01
9.825797556127821020e-01 9.671806509678180230e-01
9.820718063626970862e-01 9.670132215206439508e-01
9.831884007794516878e-01 9.613852409216073758e-01
9.828359322888510219e-01 9.626875749001135851e-01
9.820296880177089571e-01 9.659946515009953938e-01
9.826812144688197304e-01 9.620028688357427082e-01
9.829062936987196242e-01 9.621745531375591742e-01
9.832470604351588594e-01 9.665589057482205648e-01
9.830206538949693984e-01 9.663465985885033582e-01
9.839452871254512623e-01 9.670038635914142144e-01
9.835325397763933220e-01 9.662036941601679363e-01
9.836404531342642921e-01 9.607629363353435981e-01
9.830663817269461591e-01 9.688778519630432129e-01
9.841265688623700436e-01 9.565861316827627414e-01
9.838333715711321537e-01 9.643205816929156793e-01
9.843553122452327608e-01 9.623108368653517930e-01
9.844108784198760675e-01 9.658691562139071207e-01
9.846376090390341895e-01 9.669929972061743761e-01
9.850532390390123183e-01 9.591952929129967664e-01
9.840053015095846511e-01 9.604335335584787137e-01
9.840124283518110193e-01 9.639656772980322863e-01
9.825496886457715240e-01 9.691793551811804797e-01
9.843926315648214853e-01 9.665053578523489231e-01
9.855208342415945344e-01 9.536642432212829590e-01
9.852377121789114289e-01 9.631456182553217449e-01
9.852931433064596733e-01 9.662091640325692898e-01
9.852359109265463877e-01 9.614934233518747098e-01
9.851372044427054719e-01 9.584310742524954074e-01
9.854471898078918102e-01 9.642737507820129395e-01
9.850833954129900594e-01 9.597767820725073840e-01
9.854981189114706552e-01 9.615357976693373887e-01
9.839104160240718100e-01 9.687013717798086399e-01
9.851234526293618510e-01 9.657609691986670519e-01
9.860317281314304738e-01 9.582211100138150472e-01
9.854710582324436308e-01 9.675700114323542156e-01
9.854639603410448867e-01 9.601533596332256781e-01
9.854230986322675134e-01 9.598554189388568414e-01
9.857222860200064440e-01 9.641478474323565973e-01
9.859300543580736820e-01 9.652305520497835856e-01
9.853579768112727955e-01 9.630911946296691895e-01
9.859176635742187278e-01 9.676869924251849664e-01
9.856276624543326426e-01 9.620041251182556152e-01
9.861357361929756760e-01 9.579187952555142660e-01
9.858511834485190750e-01 9.583733127667353191e-01
9.854323862280164326e-01 9.490472628520085774e-01
9.849873965127127207e-01 9.620222403452947102e-01
9.862351766654423590e-01 9.654616759373590984e-01
9.862871486800057763e-01 9.497112264999976183e-01
9.864999965259007020e-01 9.499271099384014594e-01
9.861355476719992907e-01 9.588690308424142605e-01
9.844714559827532074e-01 9.603596329689025879e-01
9.864191300528389883e-01 9.655981430640587782e-01
9.859349698679787943e-01 9.603794813156127930e-01
9.864956377233777829e-01 9.647786938227139730e-01
9.866417832033974600e-01 9.617528227659372098e-01
9.867931130954197272e-01 9.629676662958585043e-01
9.866398985045297110e-01 9.617671003708472277e-01
9.865882837772369518e-01 9.619039205404428250e-01
9.867716102940695677e-01 9.601755325610821235e-01
9.856241919313157851e-01 9.562677970299353625e-01
